302773
321030
321699
325765
326602
338651
302488
302494
302536
302574
302580
302640
302663
302664
302666
302792
302797
302806
302807
302810
302979
303026
303106
303107
303108
303324
303463
303487
303861
303867
303974
303975
303977
303978
303979
303980
303981
303982
303983
303984
303985
303986
303990
303991
303992
303993
303994
303995
303996
303997
303999
304026
304042
304043
304045
304046
304047
304048
304049
304050
304051
304052
304053
304054
304055
304056
304057
304058
304059
304060
304061
304062
304063
304064
304065
304066
304067
304068
304069
304070
304071
304072
304073
304074
304075
304076
304077
304085
304092
304093
304094
304095
304100
304114
304119
304120
304124
304137
304183
304207
304208
304256
304263
304265
304279
304280
304282
304283
304329
304330
304331
304332
304333
304334
304335
304336
304338
304339
304340
304341
304342
304343
304344
304346
304347
304348
304349
304350
304351
304352
304354
304355
304357
304358
304359
304360
304361
304362
304363
304364
304365
304366
304367
304368
304369
304370
304371
304372
304373
304374
304375
304376
304377
304378
304379
304380
304381
304382
304383
304384
304385
304386
304387
304388
304389
304390
304391
304392
304393
304394
304395
304396
304397
304398
304399
304410
304419
304421
304423
304424
304425
304426
304427
304428
304429
304477
304512
304515
304564
304851
304865
304867
304885
304938
304993
305000
305068
305074
305121
305134
305145
305206
305316
305337
305338
305348
305379
305495
305534
305746
305804
305853
305854
305855
305891
305893
305927
305929
305937
305956
305958
305974
305975
306004
306041
306048
306067
306069
306097
306100
306102
306107
306108
306109
306176
306177
306194
306223
306228
306288
306289
306291
306295
306351
306737
306801
306982
307088
307090
307144
307149
307456
307457
307459
307460
307461
307463
307487
307523
307653
307781
308115
308292
308588
308621
308674
308676
308686
308689
308696
308698
308709
308717
308746
308760
308772
308861
309090
309094
309110
309136
309137
309138
309157
309178
309179
309189
309197
309223
309224
309237
309238
309239
309290
309310
309375
309377
309393
309434
309436
309437
309467
309787
309788
309789
309790
309794
309826
309829
309866
309867
309868
309869
309871
309883
309884
309938
309973
310005
310039
310191
310222
310266
310269
310280
310283
310297
310332
310429
310467
310471
310482
310486
310487
310500
310573
310574
310576
310608
310616
310621
310622
310623
310637
310694
310697
310699
310701
310702
310703
310835
311142
311234
311255
311493
311563
311634
311678
311767
311770
311771
311772
311938
311983
312007
312020
312039
312049
312052
312063
312077
312111
312410
312432
312481
312580
312652
312744
312934
312935
312990
313062
313154
313344
313345
313490
313524
313567
313591
313691
313856
313906
313971
313997
314087
314108
314117
314143
314152
314174
314189
314190
314191
314192
314193
314194
314195
314196
314197
314198
314199
314200
314201
314202
314203
314204
314376
314383
314470
314517
314663
314664
314800
314824
314896
314917
314936
315061
315091
315130
315246
315466
315583
315611
315669
315721
315973
316035
316109
316142
316143
316144
316147
316319
316365
316433
316518
316606
316657
316663
316665
316673
316714
316715
316810
316824
316825
316842
316844
316852
316858
316909
316919
316922
316928
316934
316937
316999
317032
317113
317115
317116
317126
317127
317140
317165
317166
317169
317252
317271
317275
317428
317450
317597
317712
317718
317745
317747
317789
317849
317851
317853
317855
317856
317881
317897
317898
317934
317954
317955
317962
317963
317964
317971
317976
318046
318048
318103
318112
318143
318319
318463
318464
318465
318475
318507
318565
318566
318567
318569
318578
318640
318727
318743
318776
318910
318918
318989
318993
319028
319029
319065
319102
319135
319142
319150
319167
319168
319187
319211
319221
319226
319227
319228
319232
319235
319236
319237
319247
319249
319252
319253
319254
319259
319268
319294
319311
319312
319332
319334
319346
319348
319373
319374
319410
319419
319423
319439
319476
319522
319542
319553
319592
319601
319776
319951
320011
320012
320026
320027
320032
320042
320052
320053
320110
320146
320229
320251
320282
320292
320298
320306
320337
320359
320421
320426
320448
320602
320613
320640
320650
320667
320676
320677
320678
320679
320690
320712
320829
320932
320953
320959
321035
321157
321162
321239
321242
321247
321255
321263
321279
321280
321281
321282
321283
321284
321285
321286
321287
321316
321318
321319
321324
321325
321326
321335
321347
321352
321353
321354
321358
321359
321368
321370
321376
321391
321409
321410
321412
321423
321464
321474
321531
321592
321602
321631
321655
321683
321730
321731
321741
321746
321747
321757
321823
321824
321827
321829
321843
321863
321880
322037
322038
322091
322092
322124
322137
322145
322146
322160
322195
322354
322398
322455
322460
322462
322463
322482
322507
322531
322540
322556
322562
322570
322571
322572
322573
322574
322576
322577
322578
322579
322580
322581
322582
322583
322584
322585
322586
322587
322624
322692
322709
322710
322719
322720
322733
322781
322838
322931
322972
322973
322974
322976
322977
322978
322983
322984
322991
322995
322997
322999
323004
323005
323006
323007
323011
323016
323017
323018
323019
323020
323021
323029
323031
323032
323034
323044
323046
323050
323051
323058
323067
323070
323079
323487
323705
324107
324218
324320
324321
324322
324394
324395
324401
324438
324439
324451
324615
324701
324747
324753
324773
324779
324788
324947
324948
324950
324951
325112
325147
325229
325367
325441
325463
325473
325481
325496
325497
325498
325509
325577
325604
325648
325679
325680
325682
325688
325701
325704
325766
325767
325768
325770
325771
325772
325773
325774
325796
325797
325798
325801
325809
325810
325814
325816
325817
325846
325850
325852
325860
325861
325862
325897
325901
325903
325915
325929
325934
325936
325954
325987
325989
325994
326015
326036
326039
326204
326278
326300
326310
326318
326333
326334
326335
326346
326414
326441
326485
326516
326517
326519
326525
326538
326541
326603
326604
326605
326607
326608
326609
326610
326611
326633
326634
326635
326638
326646
326647
326651
326653
326654
326683
326687
326689
326697
326698
326699
326734
326738
326740
326752
326766
326771
326773
326791
326824
326826
326831
326852
326873
326876
326906
327009
327010
327015
327017
327022
327092
327093
327117
327331
327333
327462
327476
327478
327480
327486
327490
327496
327501
327507
327513
327514
327521
327523
327524
327536
327539
327547
327556
327561
327562
327625
327645
327800
327847
328133
328226
328257
328364
328757
329061
329062
329117
329118
329119
329240
329633
329937
329938
329993
329994
329995
330173
330216
330289
330291
330292
330684
330693
330715
330778
330835
330845
330870
330871
330878
330947
330948
330952
330954
331070
331071
331072
331073
331203
331207
331220
331236
331240
331241
331247
331255
331256
331266
331305
331332
331333
331363
331430
331673
331758
331772
331799
331900
332068
332329
332361
332379
332393
332398
332417
332456
332478
332510
332515
332586
332596
332605
332613
332615
332643
332922
333336
333399
333405
333456
333496
333543
333544
333583
333585
333587
333618
333623
333625
333693
333694
333722
333726
333814
333853
333947
334199
334251
334321
334373
334541
334745
334770
334789
334800
334838
334922
334940
335037
335038
335091
335097
335120
335121
335358
335375
335385
335387
335398
335420
335421
335422
335423
335425
335431
335433
335436
335441
335442
335448
335449
335465
335471
335472
335499
335511
335514
335525
335527
335593
335603
335604
335610
335611
335612
335630
335698
335709
335720
335748
335836
335838
335839
335840
335842
335843
335848
336001
336053
336194
336224
336228
336242
336256
336258
336266
336323
336365
336377
336378
336398
336400
336443
336447
336480
336490
336493
336494
336496
336506
336508
336509
336512
336539
336540
336541
336543
336576
336578
336629
336630
336631
336650
336651
336690
336691
336742
336748
336884
337016
337026
337032
337033
337050
337051
337055
337056
337064
337087
337161
337297
337305
337368
337410
337608
337609
337614
337663
337673
337719
337729
337841
337902
337925
337935
337976
337989
337991
337993
338011
338012
338016
338036
338043
338048
338049
338050
338062
338067
338068
338086
338087
338088
338121
338142
338143
338163
338185
338188
338189
338191
338194
338557
338577
338585
338605
338627
338628
338638
338662
338863
338866
338867
338868
338869
338875
338901
338902
338903
338904
338905
338906
338908
338909
338910
338911
338912
338913
338914
338915
338916
338917
338918
338919
338920
338921
338923
338926
338978
339036
339042
339058
339137
339149
339271
339378
339396
339467
339469
339470
339494
339508
339513
339514
339626
339630
339691
339701
339702
339708
339715
339731
339747
339768
339781
339782
339783
339797
339798
339799
339800
339806
339855
339857
339865
339894
339912
339913
339921
339941
339943
339966
339975
340001
340007
340020
340021
340026
340028
340032
340053
340054
340056
340057
340067
340068
340070
340073
340076
340118
340125
340132
340157
340158
340160
340161
340167
340193
340212
340230
340264
340268
340277
340298
340301
340373
340374
340377
340378
340379
340380
340381
340382
340383
340395
340795
341125
341203
341246
341251
341252
341253
341254
341290
341300
341304
341312
341336
341337
341364
341370
341375
341382
341398
341406
341459
341465
341477
341534
341562
341575
341578
341581
341607
341632
341665
341754
341768
341779
341825
341853
341854
341856
341867
341869
341871
341876
341879
341880
341993
342041
342043
342047
342048
342053
342054
342081
342082
342091
342092
342098
342101
342103
342120
342127
342128
342144
342183
342184
342189
342194
342205
342210
342226
342287
342329
342387
342388
342444
342777
343407
343508
343781
343941
343988
344005
344006
344007
344009
344063
344108
344143
344154
344161
344164
344172
344185
344243
344539
344796
344797
344798
344802
344851
344941
344943
344961
344963
344966
344967
345099
345145
345216
345217
345218
345250
345251
345253
345269
345270
345288
345320
345324
345333
345334
345335
345336
345337
345357
345363
345364
345379
345387
345415
345509
345510
345561
345562
345613
345614
345758
345759
345760
345807
345810
345813
345894
345993
346346
346407
346570
346586
346615
346628
346665
346668
346692
346693
346698
346699
346713
346714
346724
346726
346729
346730
346746
346751
346752
346754
346755
346762
346780
346798
346883
347010
347011
347015
347028
347032
347043
347281
347289
347292
347327
347442
347454
347456
347457
347458
347460
347461
347462
347463
347464
347465
347466
347467
347468
347469
347470
347471
347472
347473
347474
347475
347476
347477
347478
347479
347480
347481
347482
347483
347486
347490
347491
347492
347493
347495
347496
347497
347498
347499
347501
347502
347503
347505
347506
347509
347510
347511
347513
347514
347515
347516
347517
347518
347519
347520
347521
347522
347523
347524
347525
347526
347527
347528
347529
347530
347532
347533
347534
347535
347536
347537
347538
347539
347545
347549
347553
347554
347557
347559
347560
347561
347562
347563
347569
347570
347571
347572
347573
347574
347575
347576
347577
347578
347579
347580
347581
347583
347584
347588
347589
347591
347593
347594
347595
347598
347599
347606
347608
347609
347610
347611
347612
347614
347615
347616
347617
347618
347619
347620
347621
347622
347624
347628
347634
347636
347639
347640
347641
347642
347643
347644
347645
347646
347647
347648
347649
347650
347651
347653
347654
347655
347656
347657
347658
347659
347660
347661
347662
347664
347666
347670
347674
347676
347678
347679
347680
347681
347682
347683
347684
347685
347686
347687
347688
347689
347690
347691
347692
347693
347694
347695
347696
347697
347698
347699
347700
347701
347702
347703
347704
347705
347706
347707
347708
347709
347710
347711
347712
347713
347714
347715
347716
347717
347718
347719
347720
347721
347722
347724
347725
347726
347727
347728
347729
347730
347731
347733
347735
347736
347737
347738
347742
347743
347744
347745
347746
347747
347748
347749
347751
347753
347755
347756
347757
347758
347759
347766
347768
347769
347770
347771
347772
347773
347774
347778
347780
347781
347782
347783
347785
347787
347788
347789
347790
347791
347793
347794
347795
347796
347797
347798
347799
347800
347801
347802
347803
347804
347805
347806
347807
347808
347809
347810
347811
347812
347813
347815
347817
347818
347820
347823
347825
347826
347827
347828
347830
347832
347833
347835
347836
347837
347839
347841
347842
347843
347844
347845
347846
347847
347848
347849
347850
347853
347854
347855
347856
347857
347859
347891
347892
347893
347894
347895
347901
347902
347903
347904
347905
347906
347907
347912
347916
347918
347919
347920
347921
347922
347923
347924
347925
347926
347927
347928
347929
347930
347931
347932
347933
347934
347935
347936
347937
347939
347944
347945
347946
347948
347949
347950
347951
347952
347954
348000
348001
348003
348004
348005
348006
348007
348008
348009
348010
348011
348012
348013
348014
348015
348016
348017
348018
348019
348020
348021
348022
348023
348024
348025
348026
348027
348028
348029
348030
348031
348032
348033
348034
348035
348036
348037
348041
348043
348044
348046
348047
348048
348049
348051
348052
348053
348054
348055
348056
348057
348058
348059
348060
348061
348062
348063
348064
348065
348066
348067
348068
348069
348070
348072
348073
348074
348075
348076
348077
348078
348079
348080
348081
348083
348084
348085
348089
348090
348096
348098
348099
348100
348101
348102
348103
348104
348107
348109
348110
348111
348112
348121
348122
348123
348129
348137
348141
348142
348143
348145
348148
348149
348150
348151
348152
348154
348157
348158
348162
348163
348166
348168
348169
348170
348171
348172
348175
348176
348177
348179
348183
348185
348188
348189
348190
348192
348193
348194
348196
348197
348198
348199
348200
348201
348202
348203
348204
348205
348209
348211
348214
348216
348217
348218
348220
348225
348228
348229
348231
348236
348238
348244
348248
348250
348251
348252
348253
348254
348255
348256
348264
348265
348266
348268
348273
348275
348276
348277
348281
348282
348289
348291
348295
348296
348298
348299
348301
348302
348303
348304
348305
348306
348307
348308
348309
348310
348311
348315
348316
348317
348318
348320
348321
348322
348323
348324
348325
348327
348329
348331
348332
348333
348334
348335
348336
348337
348338
348347
348351
348356
348357
348360
348362
348363
348364
348367
348369
348374
348375
348377
348380
348381
348383
348386
348388
348393
348394
348395
348397
348399
348401
348403
348404
348405
348406
348407
348408
348409
348410
348411
348412
348413
348414
348415
348416
348417
348418
348419
348420
348421
348422
348423
348424
348425
348426
348427
348428
348429
348430
348431
348432
348433
348434
348435
348436
348437
348438
348439
348440
348442
348445
348449
348450
348451
348453
348454
348455
348456
348463
348464
348465
348466
348467
348468
348469
348470
348471
348472
348474
348475
348476
348480
348486
348487
348488
348489
348494
348496
348499
348502
348506
348507
348510
348514
348520
348521
348522
348523
348524
348525
348526
348527
348532
348533
348534
348535
348538
348540
348541
348544
348546
348551
348552
348553
348554
348555
348556
348557
348559
348562
348563
348564
348565
348566
348569
348570
348571
348578
348579
348580
348581
348582
348583
348585
348586
348587
348588
348589
348591
348592
348593
348595
348596
348597
348598
348599
348601
348604
348605
348606
348607
348609
348610
348611
348612
348613
348614
348615
348616
348617
348619
348620
348621
348622
348623
348624
348626
348627
348628
348630
348631
348634
348635
348636
348637
348640
348641
348642
348643
348646
348647
348651
348652
348656
348659
348661
348662
348666
348667
348669
348670
348671
348672
348673
348674
348675
348676
348677
348678
348679
348680
348683
348684
348685
348686
348689
348690
348691
348694
348696
348697
348698
348699
348702
348703
348704
348705
348706
348707
348708
348711
348714
348715
348717
348719
348720
348721
348722
348723
348726
348727
348728
348729
348730
348731
348732
348740
348741
348744
348745
348746
348750
348751
348752
348767
348768
348769
348770
348771
348772
348773
348774
348775
348777
348778
348779
348782
348783
348784
348785
348786
348787
348788
348789
348790
348791
348792
348793
348794
348795
348796
348797
348798
348799
348800
348801
348802
348803
348804
348805
348806
348807
348808
348809
348810
348811
348812
348813
348814
348822
348823
348824
348825
348828
348829
348830
348831
348832
348833
348834
348836
348838
348839
348840
348841
348842
348843
348844
348845
348846
348847
348849
348852
348853
348854
348855
348856
348858
348859
348860
348862
348865
348867
348868
348869
348870
348873
348874
348875
348878
348881
348884
348885
348887
348889
348890
348892
348893
348894
348895
348896
348897
348899
348903
348906
348911
348913
348915
348916
348917
348918
348919
348920
348921
348922
348924
348929
348930
348933
348944
348946
348951
348953
348956
348957
348958
348959
348960
348966
348967
348968
348969
348970
348971
348972
348973
348977
348978
348979
348980
348981
348986
348987
348988
348989
348990
348991
348992
348993
348994
348995
348996
348998
349000
349001
349002
349003
349004
349005
349006
349007
349008
349009
349010
349011
349012
349013
349014
349015
349016
349017
349018
349020
349021
349022
349027
349028
349030
349031
349032
349033
349034
349035
349036
349037
349038
349039
349040
349041
349042
349043
349045
349046
349047
349048
349049
349050
349053
349054
349055
349056
349057
349058
349062
349063
349064
349065
349066
349067
349068
349069
349070
349074
349075
349076
349077
349078
349079
349080
349081
349082
349084
349085
349086
349087
349088
349089
349090
349091
349092
349093
349094
349097
349098
349101
349108
349111
349112
349115
349119
349123
349124
349125
349126
349127
349132
349137
349138
349139
349140
349142
349143
349144
349145
349147
349148
349150
349151
349152
349153
349155
349156
349158
349159
349160
349161
349162
349163
349164
349165
349166
349168
349169
349170
349171
349172
349174
349175
349176
349177
349178
349179
349180
349181
349182
349183
349184
349185
349186
349187
349188
349189
349190
349191
349192
349193
349194
349195
349196
349197
349198
349199
349200
349203
349208
349213
349214
349217
349218
349219
349220
349221
349222
349223
349224
349225
349226
349227
349228
349229
349234
349235
349236
349237
349238
349239
349240
349241
349242
349243
349244
349245
349246
349247
349248
349249
349250
349251
349252
349253
349254
349255
349256
349258
349259
349260
349261
349263
349265
349266
349267
349270
349271
349272
349273
349274
349275
349276
349277
349278
349279
349280
349281
349282
349283
349291
349292
349293
349294
349295
349296
349297
349298
349299
349300
349301
349302
349304
349305
349307
349309
349310
349311
349312
349315
349316
349317
349319
349320
349321
349322
349323
349324
349325
349326
349328
349331
349332
349333
349334
349335
349336
349339
349340
349342
349345
349351
349352
349359
349361
349362
349371
349372
349375
349379
349380
349381
349382
349383
349384
349385
349386
349387
349388
349389
349390
349391
349392
349393
349394
349395
349400
349402
349405
349406
349407
349408
349409
349410
349411
349412
349413
349414
349415
349416
349417
349418
349419
349420
349421
349422
349423
349424
349426
349427
349429
349430
349431
349432
349433
349435
349437
349439
349440
349442
349443
349444
349445
349446
349447
349449
349452
349453
349454
349455
349456
349457
349458
349459
349460
349461
349462
349464
349465
349466
349468
349469
349470
349472
349473
349475
349476
349477
349478
349479
349480
349481
349483
349484
349486
349487
349488
349489
349491
349492
349494
349495
349498
349502
349503
349504
349505
349506
349507
349510
349511
349513
349514
349515
349517
349518
349519
349521
349523
349527
349528
349534
349535
349537
349538
349540
349549
349556
349557
349558
349560
349562
349565
349573
349579
349580
349581
349585
349588
349594
349595
349622
349623
349625
349626
349628
349629
349631
349634
349635
349690
349692
349713
349742
349748
349788
349795
349839
349865
349868
349948
349968
350022
350109
350120
350121
350122
350196
350222
350379
350506
350508
350515
350516
350548
350550
350551
350552
350553
350583
350594
350610
350626
350666
350712
350716
350717
350718
350756
350867
350895
350913
350959
350964
350973
350999
351000
351018
351037
351046
351047
351153
351203
351229
351298
351375
351376
351377
351386
351431
351436
351509
351510
351740
351868
351869
352005
352010
352060
352061
352062
352063
352064
352065
352066
352067
352068
352069
352070
352071
352117
352259
352358
352385
352402
352473
352568
352573
352642
352709
352711
352793
352942
353060
353063
353114
353224
353226
353281
353283
353320
353324
353331
353349
353436
353437
353438
353467
353482
353514
353530
353531
353578
353593
353594
353595
353596
353597
353598
353599
353600
353620
353687
