180027
180103
180104
180142
180143
180144
180171
180174
180182
180214
180247
180248
180249
180250
180251
180252
180253
180254
180255
180257
180258
180259
180260
180261
180262
180263
180264
180265
180268
180324
180327
180390
180391
180412
180417
180423
180447
180541
180711
180740
181033
181048
181112
181113
181114
181116
181118
181119
181120
181121
181122
181123
181124
181125
181126
181127
181128
181129
181130
181132
181139
181140
181141
181204
181207
181218
181241
181242
181254
181284
181296
181341
181404
181422
181435
181449
181451
181453
181471
181578
181579
181580
181852
181876
182232
182260
182261
182262
182263
182264
182265
182266
182267
182268
182269
182621
182622
182669
182887
182898
183079
183139
183194
183227
183325
183327
183385
183667
183723
183800
183805
184013
184135
184206
184207
184340
184413
184461
184551
184576
184656
184751
185509
185510
185642
185663
185666
185722
185723
185724
185725
185733
185740
185753
185767
185799
185880
185892
185893
185895
185945
185952
185953
185954
185974
185983
185984
186214
186236
186244
186305
186334
186374
186387
186406
186410
186430
186441
186456
186549
186576
186577
186624
186626
186628
186632
186662
186676
186687
186746
186747
186793
186937
186956
186975
186979
186992
186997
187002
187003
187004
187005
187010
187028
187029
187037
187040
187042
187046
187047
187050
187051
187057
187058
187065
187073
187153
187154
187163
187186
187190
187197
187211
187242
187302
187305
187319
187397
187410
187424
187459
187460
187500
187562
187563
187575
187587
187777
187932
187933
187936
188189
188242
188250
188281
188285
188291
188310
188360
188375
188381
188466
188472
188533
188534
188551
188561
188564
188600
188605
188628
188881
188904
188918
188926
188939
188940
188944
188948
188958
188959
188961
188963
188968
188969
188972
188974
188975
188976
188982
189000
189035
189042
189043
189044
189045
189046
189049
189051
189056
189066
189067
189068
189069
189071
189078
189079
189088
189089
189103
189104
189105
189111
189112
189113
189114
189151
189152
189155
189156
189157
189163
189164
189175
189176
189178
189179
189184
189185
189189
189190
189196
189198
189204
189205
189206
189207
189208
189213
189218
189229
189231
189232
189233
189239
189241
189243
189244
189245
189246
189254
189270
189272
189276
189283
189284
189288
189303
189311
189316
189323
189327
189333
189335
189355
189356
189357
189390
189427
189440
189629
189636
189679
189681
189756
189776
189796
189834
189869
189943
190016
190067
190092
190093
190094
190095
190117
190118
190145
190149
190194
190206
190207
190248
190250
190367
190387
190430
190434
190445
190446
190455
190494
190496
190498
190500
190504
190505
190507
190508
190510
190513
190514
190515
190519
190526
190527
190611
190624
190826
190843
190858
191027
191030
191036
191037
191040
191043
191046
191047
191049
191050
191153
191176
191181
191194
191230
191236
191237
191243
191332
191334
191479
191615
191627
191661
191689
191707
191727
191748
191761
191766
191782
191795
191797
191799
191801
191833
192165
192482
192518
192519
192608
192633
192640
192651
192657
192659
192661
192738
192792
192794
192819
192826
192837
192843
192845
192847
192924
192978
193030
193044
193045
193057
193077
193078
193079
193090
193092
193103
193109
193118
193125
193182
193184
193187
193199
193298
193299
193310
193314
193329
193511
193741
193749
193771
193779
193783
193795
193825
193974
194002
194003
194030
194042
194051
194052
194054
194055
194056
194057
194065
194085
194152
194208
194215
194219
194228
194230
194246
194295
194379
194380
194389
194404
194412
194422
194428
194478
194483
194492
194505
194673
194678
194688
194689
194756
194757
194770
194774
194856
194932
194933
194937
194960
194964
194969
195013
195014
195207
195442
195464
195465
195534
195535
195710
195714
195734
195737
195781
195806
195828
195852
195868
195875
195892
196002
196026
196102
196129
196133
196154
196179
196215
196490
196715
196720
196724
196731
196734
196737
196744
196746
196759
196772
196791
196801
196814
196815
196872
196874
196890
196891
196899
196901
196914
196958
196959
196960
196977
197011
197047
197049
197069
197124
197370
197388
197392
197397
197411
197413
197424
197425
197434
197437
197440
197448
197453
197463
197467
197488
197495
197511
197526
197527
197528
197529
197534
197547
197556
197557
197558
197560
197562
197564
197579
197589
197591
197593
197594
197595
197598
197599
197602
197607
197610
197614
197616
197621
197624
197625
197626
197667
197687
197688
197698
197700
197701
197721
197742
197787
197832
197834
197836
197909
197911
197925
197933
197937
197949
197986
197987
198040
198076
198160
198162
198359
198372
198575
198593
198625
198645
198734
198735
198837
198858
198965
198969
198970
198979
199004
199006
199037
199051
199138
199343
199360
199379
199446
199740
199884
199914
200063
200065
200070
200080
200097
200104
200256
200258
200259
200371
200394
200395
200411
200412
200434
200435
200436
200805
201034
201035
201036
201037
201063
201217
201332
201575
201722
201774
201777
201778
201781
201794
201797
201806
201812
201820
201821
201822
201824
201826
201827
201829
201830
201831
201849
201861
201862
201865
201868
201873
201874
201881
201882
201883
201887
201907
201921
201928
201960
201963
201974
201978
201979
201988
202011
202012
202022
202036
202105
202126
202129
202134
202150
202155
202171
202210
202212
202224
202235
202292
202316
202326
202327
202362
202364
202367
202398
202400
202409
202417
202419
202457
202473
202483
202515
202520
202567
202579
202589
202607
202613
202647
202649
202744
202897
202937
202960
202962
203032
203033
203074
203076
203079
203251
203282
203428
203448
203465
203562
203565
203649
203761
203773
203818
203845
203848
203851
203860
203915
203916
203917
203964
203975
204041
204159
204197
204198
204200
204225
204284
204285
204298
204312
204315
204459
204591
204660
204675
204678
204725
204730
204786
204842
204871
204902
204904
204955
204973
205014
205044
205045
205046
205062
205063
205090
205147
205151
205154
205179
205199
205218
205247
205248
205250
205318
205336
205337
205366
205367
205368
205369
205405
205454
205493
205501
205569
205581
205582
205695
205696
205711
205962
206083
206165
206218
206219
206253
206275
206277
206283
206284
206293
206434
206440
206441
206474
206518
206529
206531
206532
206548
206586
206595
206596
206683
206701
206703
206810
206812
206844
206848
206862
206882
206893
206894
206919
206922
206954
206970
207049
207085
207086
207112
207175
207181
207182
207185
207195
207279
207476
207509
207511
207512
207539
207548
207649
207720
207766
207778
207811
207816
208046
208047
208055
208063
208064
208066
208081
208299
208305
208306
208314
208315
208335
208405
208409
208410
208421
208448
208475
208487
208587
208588
208590
208593
208597
208704
208754
208755
208756
208758
208789
208971
208974
208985
208994
209057
209069
209111
209112
209113
209115
209161
209162
209163
209166
209172
209181
209183
209186
209227
209238
209247
209266
209267
209284
209285
209286
209287
209309
209310
209325
209353
209451
209627
209628
209651
209673
209717
209740
209818
209874
209906
209982
209984
209999
210055
210087
210163
210165
210319
210410
210411
210412
210413
210414
210415
210417
210418
210419
210420
210421
210422
210423
210425
210426
210427
210428
210429
210430
210472
210474
210482
210511
210518
210519
210520
210521
210538
210544
210545
210546
210547
210556
210557
210562
210569
210609
210611
210618
210622
210639
210661
210668
210680
210684
210688
210822
210871
210898
210907
210948
210950
211045
211047
211054
211075
211079
211196
211198
211206
211235
211242
211243
211244
211245
211262
211268
211269
211270
211271
211280
211281
211286
211293
211333
211335
211342
211346
211363
211385
211392
211404
211408
211412
211546
211595
211622
211631
211672
211674
211769
211771
211778
211799
211803
211885
211886
211896
211898
211915
211925
211941
212092
212093
212114
212183
212216
212217
212221
212236
212239
212243
212245
212269
212276
212277
212278
212279
212299
212302
212305
212329
212331
212347
212383
212405
212406
212420
212485
212537
212570
212586
212587
212619
212631
212637
212638
212643
212659
212686
212692
212696
212702
212704
212719
212720
212722
212736
212742
212754
212762
212784
212785
212805
212816
212823
212824
212825
212827
212828
212833
212834
212846
212905
212964
213046
213083
213114
213117
213249
213267
213311
213316
213328
213344
213419
213427
213428
213648
213650
213653
213660
213662
213693
213698
213702
213743
213751
213794
214073
214182
214202
214258
214259
214328
214329
214343
214370
214371
214394
214397
214406
214411
214450
214522
214583
214637
214971
214972
214985
215002
215011
215016
215019
215022
215034
215047
215051
215052
215055
215068
215082
215118
215132
215296
215313
215328
215332
215338
215377
215383
215386
215399
215420
215452
215487
215489
215537
215589
215592
215593
215605
215766
215776
215802
215832
215874
215887
215917
215928
216887
217136
217140
217141
217384
217413
217475
217560
217562
217563
217784
217785
218050
218064
218096
218118
218119
218129
218130
218131
218169
218170
218186
218247
218248
218249
218250
218251
218252
218253
218261
218263
218265
218266
218292
218320
218391
218458
218575
218576
218582
218588
218593
218737
218740
218744
218745
218746
218747
218748
218749
218750
218751
218768
218770
218771
218772
218774
218780
218781
218787
218788
218789
218790
218791
218792
218803
218809
218818
218819
218832
218856
218858
218859
218860
218868
218874
218885
218888
218928
218929
218954
218966
218982
219020
219051
219060
219071
219175
219226
219280
219329
219330
219350
219351
219731
219772
219798
219799
219804
219806
219822
219968
220361
220471
220480
220482
220493
220520
220526
220545
220610
220615
220721
220723
220724
220726
220729
220878
220887
220896
220908
220991
221041
221042
221043
221049
221152
221153
221337
221482
221639
221650
221928
222120
222142
222148
222149
222166
222167
222202
222213
222248
222250
222300
222317
222333
222345
222351
222362
222604
222929
223007
223251
223388
223428
223454
223536
223566
223568
223569
223577
223599
223651
223762
223832
223884
223930
223938
223970
223974
223977
223979
223993
224045
224058
224060
224084
224147
224155
224187
224191
224194
224196
224210
224262
224275
224277
224301
224370
224447
224464
224508
224533
224704
224748
224898
224949
224983
224997
225015
225016
225018
225026
225034
225083
225101
225108
225349
225539
225606
225632
225633
225645
225646
225647
225649
225695
225717
225735
225784
225812
225817
225866
225894
225901
226068
226162
226163
226176
226452
226457
226520
226524
226529
226554
226561
226564
226574
226614
226671
226677
226683
226719
226743
227005
227006
227073
227375
227376
227379
227380
227632
227679
227709
227717
227722
227723
227729
227738
227755
227771
227778
227779
227787
227794
227795
227799
227800
227801
227802
227808
227835
227836
227842
227856
227857
227864
227865
227912
227917
227931
227937
227946
227976
227982
227987
227988
227995
227996
228027
228364
228365
228369
228627
228645
228705
228731
228732
228733
228734
228752
228765
228787
228815
228852
228868
228934
229049
229050
229051
229052
229054
229099
229100
229101
229102
229104
229208
229211
229346
229355
229368
229429
229494
229592
229600
229601
229628
229674
229680
229726
230030
230164
230165
230170
230171
230172
230173
230174
230213
230216
230217
230218
230223
230224
230247
230248
230249
230259
230260
230279
230298
230315
230329
230333
230346
230351
230363
230365
230370
230371
230372
230373
230438
230455
230472
230473
230475
230489
230492
230497
230552
230558
230592
230622
230719
230758
230766
230798
230860
230863
230864
230871
231001
231003
231031
231050
231051
231057
231058
231060
231080
231081
231082
231087
231088
231107
231112
231123
231124
231127
231141
231150
231157
231158
231159
231180
231203
231267
231269
231279
231281
231282
231293
231341
231347
231481
231572
231582
231583
231594
231779
231794
231849
231987
232051
232361
232459
232467
232563
232685
233116
233117
233177
233178
233179
233180
233215
233220
233221
233270
233272
233274
233285
233289
233292
233297
233298
233299
233330
233339
233342
233343
233588
233608
233616
233705
233716
233728
233778
233783
233820
233821
233842
233860
233903
233922
233936
233961
233981
180363
186685
186686
188901
188902
188903
203873
208696
208697
227619
227784
227785
