234025
234055
234161
234171
234237
234293
234309
234311
234315
234317
234331
234333
234358
234367
234389
234430
234450
234462
234468
234470
234475
234477
234538
234540
234590
234757
234817
234832
234848
234854
234857
234860
234880
234910
234911
234917
234930
234970
234974
234981
235119
235144
235178
235189
235247
235248
235250
235300
235307
235330
235331
235569
235592
235610
235679
235702
235720
235826
235831
235832
235833
235835
235836
235837
235838
235852
235855
235859
235910
235911
235915
235966
236053
236063
236253
236255
236257
236355
236370
236390
236654
236659
236665
236678
236680
236689
236690
236694
236711
236724
236738
236762
236770
236776
236777
236779
236780
236781
236783
236821
236830
236856
236857
236860
236862
236874
236884
236897
236901
236903
236911
236912
236916
236946
236956
236991
236993
237095
237097
237098
237099
237135
237189
237192
237215
237217
237220
237254
237360
237361
237421
237465
237474
237484
237485
237486
237524
237598
237623
237662
237674
237700
237709
237719
237822
237827
237848
237858
238068
238245
238542
238556
238568
238575
238588
238615
238665
238850
238851
238910
238939
239041
239042
239153
239173
239226
239228
239267
239318
239339
239439
239441
239465
239494
239529
239530
239533
239547
239549
239558
239570
239754
239768
239770
239779
239798
239806
239810
239828
239865
239937
239939
239940
239941
239942
239943
239944
239946
239947
239948
239949
239950
239953
239955
239956
239957
239959
239960
239963
239964
239965
239966
239967
239968
239969
239970
239971
240157
240176
240177
240230
240234
240395
240403
240520
240539
240639
240800
240820
240834
240964
240966
240982
240983
241034
241116
241117
241118
241122
241126
241159
241164
241166
241167
241168
241171
241173
241179
241180
241181
241182
241185
241186
241188
241192
241193
241197
241203
241204
241205
241206
241207
241241
241381
241394
241588
241590
241605
241606
241607
241608
241629
241635
241638
241639
241644
241646
241650
241660
241661
241662
241665
241667
241668
241679
241680
241683
241695
241714
241794
242242
242330
242348
242365
242376
242378
242483
242484
242485
242486
242488
242489
242517
242588
242606
242608
242609
242610
242614
242615
242626
242693
242797
242803
242811
242840
242885
242888
242893
242895
242910
242928
243063
243096
243109
243113
243152
243163
243179
243185
243198
243220
243221
243227
243228
243244
243245
243458
243486
243487
243488
243489
243491
243492
243493
243494
243495
243496
243497
243498
243499
243500
243501
243502
243503
243504
243505
243506
243507
243525
243594
243595
243597
243607
243614
243641
243642
243684
243710
243852
243865
243875
243877
243881
243939
243971
244017
244125
244126
244172
244183
244207
244218
244229
244248
244258
244284
244288
244307
244394
244451
244452
244454
244462
244527
244531
244535
244536
244539
244586
244599
244600
244628
244629
244779
244780
244781
244783
244784
244889
244929
244950
245098
245119
245264
245287
245475
245495
245568
245621
245702
245704
245705
245746
245772
245805
245811
245812
245856
245915
245968
245970
245980
245981
246012
246041
246127
246144
246150
246162
246164
246165
246193
246213
246608
246619
246650
246654
246777
246788
246808
246809
246810
246811
246813
246814
246815
246816
246834
246942
246989
247061
247063
247064
247065
247067
247082
247100
247113
247119
247120
247122
247128
247136
247144
247158
247168
247577
247610
247612
247643
247644
247674
247702
247740
247748
247761
247817
247836
247837
247911
248251
248252
248281
248282
248285
248694
248992
249109
249155
249156
249191
249194
249195
249238
249239
249240
249255
249278
249298
249299
249329
249335
249336
249377
249393
249461
249462
249469
249497
249499
249505
249506
249507
249555
249556
249567
249586
249588
249590
249594
249595
249625
249655
249784
249875
249882
249883
249896
249908
249943
249957
250068
250108
250128
250144
250199
250247
250286
250296
250314
250425
250440
250605
250637
250639
250649
250650
250795
250796
250812
250822
250824
250835
250836
250837
250889
250962
250975
250986
250987
251065
251078
251079
251133
251135
251149
251151
251168
251170
251171
251172
251173
251180
251187
251195
251203
251205
251206
251213
251218
251237
251240
251243
251248
251263
251264
251278
251290
251294
251295
251298
251303
251306
251307
251318
251346
251358
251377
251379
251387
251456
251545
251594
251619
251771
251772
251802
251811
251815
251816
251817
251818
251829
251856
251878
251897
251898
252042
252043
252044
252045
252111
252112
252127
252142
252143
252153
252241
252370
252451
252666
252675
252676
252682
252809
252869
253002
253048
253153
253160
253161
253162
253212
253215
253216
253256
253268
253269
253278
253330
253340
253362
253365
253369
253370
253389
253427
253428
253437
253438
253439
253440
253472
253480
253482
253484
253490
253520
253533
253576
253577
253584
253586
253635
253656
253682
253706
253727
253732
253736
253738
253972
253983
254001
254378
254432
254538
254635
254640
254641
254642
254643
254747
254859
255039
255040
255048
255103
255131
255190
255438
255495
255496
255515
255570
255714
255716
255739
255740
255764
255765
255804
255808
255809
255852
255875
255920
256014
256018
256033
256042
256071
256164
256248
256251
256257
256258
256260
256271
256274
256280
256293
256305
256306
256309
256310
256321
256331
256334
256337
256338
256343
256344
256346
256347
256362
256363
256368
256375
256384
256385
256386
256388
256407
256412
256413
256419
256424
256431
256432
256434
256435
256439
256448
256452
256455
256459
256466
256467
256469
256470
256471
256472
256474
256478
256480
256481
256482
256485
256486
256489
256491
256509
256510
256511
256512
256519
256549
256550
256552
256553
256554
256556
256557
256564
256567
256568
256569
256575
256577
256581
256583
256588
256590
256593
256595
256598
256600
256601
256603
256607
256608
256609
256610
256611
256616
256620
256622
256625
256626
256627
256628
256632
256634
256636
256640
256641
256645
256646
256649
256650
256653
256654
256655
256657
256661
256663
256664
256665
256667
256669
256670
256673
256674
256675
256676
256682
256683
256684
256686
256694
256695
256696
256697
256704
256705
256706
256708
256709
256712
256716
256723
256727
256729
256731
256732
256733
256735
256737
256742
256745
256747
256751
256754
256765
256766
256773
256774
256775
256777
256780
256783
256786
256787
256790
256792
256815
256821
256832
256839
256840
256841
256842
256845
256846
256850
256851
256852
256853
256856
256857
256859
256862
256863
256880
256881
256882
256885
256886
256887
256892
256895
256900
256902
256906
256909
256911
256916
256919
256925
256926
256928
256929
256930
256934
256935
256939
256944
256945
256946
256947
256950
256951
256956
256957
256959
256961
256962
256963
256967
256971
256972
256973
256974
256977
256978
256980
256982
256984
256985
256986
256987
256991
256992
256993
256999
257000
257002
257003
257005
257008
257012
257015
257016
257017
257025
257030
257033
257040
257041
257042
257043
257045
257047
257048
257049
257051
257052
257053
257054
257056
257059
257060
257061
257062
257063
257065
257066
257067
257068
257069
257071
257072
257073
257074
257075
257076
257078
257079
257080
257082
257084
257085
257087
257088
257089
257090
257091
257092
257093
257096
257097
257099
257109
257116
257122
257125
257128
257129
257132
257133
257134
257136
257138
257139
257140
257142
257144
257148
257149
257150
257151
257152
257153
257154
257156
257157
257158
257159
257160
257161
257163
257164
257165
257166
257167
257169
257170
257171
257173
257175
257177
257180
257181
257182
257183
257184
257187
257188
257189
257190
257191
257193
257194
257195
257198
257200
257201
257202
257203
257205
257206
257207
257211
257212
257213
257215
257217
257218
257220
257223
257224
257225
257226
257227
257230
257231
257232
257233
257234
257235
257240
257241
257242
257243
257244
257245
257246
257247
257248
257249
257252
257253
257255
257256
257257
257262
257267
257269
257270
257271
257272
257276
257278
257285
257288
257292
257293
257294
257296
257298
257300
257301
257302
257304
257306
257307
257308
257309
257310
257314
257317
257318
257322
257327
257328
257329
257330
257331
257335
257336
257337
257339
257341
257346
257347
257350
257351
257352
257354
257358
257362
257363
257364
257365
257367
257368
257369
257371
257372
257373
257375
257376
257378
257379
257380
257382
257383
257384
257385
257386
257387
257388
257389
257390
257391
257393
257395
257398
257399
257400
257401
257406
257407
257408
257409
257410
257413
257420
257421
257422
257424
257425
257426
257436
257437
257441
257442
257443
257444
257445
257447
257448
257449
257451
257452
257453
257454
257455
257457
257459
257461
257463
257465
257472
257473
257474
257475
257476
257477
257479
257480
257482
257483
257485
257486
257487
257488
257490
257494
257496
257497
257500
257501
257505
257506
257507
257508
257509
257510
257511
257512
257513
257517
257518
257519
257520
257521
257527
257529
257530
257532
257533
257535
257536
257537
257538
257539
257540
257541
257547
257548
257549
257551
257553
257555
257556
257558
257560
257561
257562
257563
257564
257565
257566
257567
257568
257569
257570
257571
257572
257573
257574
257575
257577
257580
257581
257583
257584
257586
257588
257590
257593
257594
257595
257599
257600
257603
257604
257605
257606
257608
257609
257610
257611
257612
257614
257615
257616
257617
257618
257619
257620
257621
257622
257623
257624
257625
257627
257631
257633
257635
257637
257640
257641
257642
257644
257645
257646
257647
257648
257649
257650
257663
257664
257665
257666
257667
257669
257670
257671
257672
257675
257677
257678
257680
257682
257683
257687
257688
257689
257690
257691
257693
257694
257695
257696
257701
257703
257705
257707
257709
257710
257711
257712
257714
257715
257716
257717
257718
257720
257721
257724
257726
257727
257728
257730
257731
257732
257733
257735
257736
257738
257743
257754
257755
257756
257761
257762
257763
257764
257765
257767
257768
257770
257771
257774
257775
257776
257777
257778
257779
257781
257786
257788
257796
257800
257801
257802
257804
257808
257823
257826
257827
257828
257840
257843
257844
257846
257847
257848
257849
257854
257858
257859
257864
257865
257866
257867
257868
257869
257870
257871
257872
257873
257874
257875
257876
257877
257878
257880
258044
258046
258047
258098
258501
258511
258522
258539
258561
258708
258716
258717
258745
258828
259277
259282
259323
259346
259347
259348
259350
259362
259490
259518
259519
259546
259569
259570
259571
259573
259585
259713
259741
259742
259757
259772
259793
259812
259814
259816
259821
259825
259874
260081
260471
260502
260507
260524
260542
260550
260558
260563
260569
260595
260596
260607
260609
260634
260649
260656
260657
260658
260660
260684
260685
260703
260717
260922
260944
260945
260971
261002
261039
261971
261972
262048
262075
262290
262291
262364
262419
262420
262430
262439
262460
262566
262587
262655
262656
262657
262739
262858
262870
262889
262890
262891
262912
262930
263063
263446
263489
263602
263627
263648
263649
263667
263668
263669
263670
263671
263672
263673
263674
263676
263677
263678
263679
263680
263681
263682
263683
263684
263686
263688
263689
263690
263691
263692
263693
263694
263695
263696
263697
263698
263699
263700
263701
263702
263703
263704
263914
263916
263983
263986
263990
264047
264072
264073
264135
264198
264208
264221
264246
264263
264307
264341
264375
264376
264407
264408
264458
264513
264515
264534
264537
264558
264564
264566
264587
264642
264646
264647
264719
264739
264745
264746
264772
264813
264848
264860
264900
264901
264906
264911
264960
264966
264984
264990
264996
265023
265024
265025
265039
265126
265137
265159
265193
265200
265233
265250
265254
265405
265505
265506
265529
265530
265583
265638
265648
265727
265729
265763
265769
265776
265777
265798
265826
265833
265845
265846
265848
265873
265894
265917
265938
265951
265956
266015
266104
266188
266322
266416
266612
266680
266709
266778
266781
266782
266790
266861
266890
266944
266970
267137
267146
267232
267245
267248
267251
267265
267267
267268
267304
267354
267363
267396
267458
267571
267572
267573
267659
267852
267993
267994
268074
268077
268078
268079
268080
268089
268096
268226
268249
268300
268566
268567
268575
268579
268611
268641
268709
268717
268775
268776
268860
268922
268957
268958
268967
268970
269003
269038
269161
269163
269236
269258
269267
269281
269282
269291
269296
269306
269315
269319
269322
269374
269379
269393
269400
269401
269402
269404
269405
269406
269419
269420
269421
269437
269441
269442
269449
269452
269459
269460
269461
269462
269463
269530
269571
269642
269766
269787
269798
269799
269802
269803
269804
269805
269806
269807
269808
269809
269810
269812
269813
269835
269957
269958
269959
269976
269978
270026
270027
270029
270051
270066
270067
270068
270103
270114
270116
270150
270152
270192
270244
270303
270372
270388
270403
270428
270589
270590
270653
270658
270709
270996
271433
271434
271435
271464
271492
271607
271624
271816
271852
271854
271888
271925
271927
271954
271967
271979
271980
271981
271982
271983
271994
272013
272015
272017
272026
272027
272028
272031
272047
272048
272079
272080
272088
272090
272100
272113
272115
272117
272155
272189
272252
272254
272544
272693
272694
272706
272958
272959
272990
272992
273003
273013
273020
273030
273116
273190
273220
273324
273325
273755
273799
273810
273870
273892
273897
273902
273938
273949
273950
273951
273952
273984
274000
274026
274121
274151
274167
274187
274304
274369
274424
274443
274531
274605
274608
274682
274715
274727
274728
274729
274730
274731
274732
274734
274735
274736
274737
274738
274739
274761
274766
274778
274790
274834
274838
274839
274842
274890
274891
274892
274899
274985
275008
275034
275038
275045
275188
275218
275238
275738
275742
275838
275933
275934
275935
275951
275952
275953
275969
275970
275971
276182
276226
276513
276582
276821
276958
277034
277035
277039
277041
277042
277054
277075
277121
277197
277199
277305
277326
277343
277357
277359
277360
277361
277388
277393
277397
277401
277402
277428
277447
277468
277500
277609
277610
277612
277617
277632
277633
277643
277644
277661
277662
277679
277712
277812
277832
277837
277859
277868
277894
277926
277927
277928
277930
277931
277932
277934
277935
277936
277937
277940
277942
277943
277944
277945
277946
277957
277958
277960
277961
277969
277986
277987
278000
278039
278048
278086
278237
278247
278503
278504
278505
278549
278550
278551
278567
278570
278590
278600
278604
278605
278606
278607
278608
278609
278610
278611
278612
278613
278614
278615
278626
278630
278631
278632
278633
278634
278635
278636
278637
278638
278639
278640
278641
278652
278656
278657
278658
278659
278660
278661
278662
278663
278664
278665
278666
278667
278679
278711
279018
279025
279029
279137
279182
279301
279386
279417
279418
279453
279458
279462
279464
279512
279522
279531
279584
279585
279586
279613
279642
279643
279644
279645
279683
279688
279723
279748
279770
279819
280134
280250
280257
280259
280316
280328
280345
280365
280487
280488
280495
280518
280521
280528
280576
280629
280721
280819
281060
281061
281062
281064
281075
281077
281079
281080
281081
281085
281136
281213
281214
281215
281217
281223
281298
281307
281339
281465
281500
281501
281507
281509
281517
281539
281602
281603
281609
281611
281622
281632
281635
281636
281640
281651
281663
281682
281706
281716
281720
281772
281792
281796
281799
281800
281801
281807
281813
281814
281815
281820
281830
281842
281844
281845
281849
281851
281859
281862
281874
281875
281926
281928
281953
281956
281961
281971
281979
281993
282006
282012
282016
282019
282046
282047
282061
282074
282075
282082
282089
282095
282096
282101
282102
282125
282221
282292
282312
282313
282353
282370
282412
282429
282465
282470
282548
282569
282570
282572
282573
282601
282687
282688
282739
282740
282773
282775
282785
282787
282803
282823
282832
282833
282834
282854
282857
282860
282907
282929
282950
282991
283114
283115
283124
283125
283156
283157
283223
283224
283225
283286
283401
283405
283406
283408
283410
283411
283413
283417
283418
283419
283425
283428
283431
283432
283433
283478
283485
283526
283533
283538
283566
283586
283596
283602
283604
283617
283633
283634
283635
283640
283641
283642
283653
283662
283663
283681
283691
283696
283710
283743
283760
283772
283774
283780
283794
283803
283806
283811
283812
283813
283814
283815
283821
283827
283828
283829
283832
283833
283834
283842
283852
283853
283855
283864
283873
283878
284586
284675
284731
285180
285181
285235
285236
285238
285240
285242
285249
285258
285272
285282
285286
285292
285296
285390
285424
285504
285505
285506
285624
285634
285712
285728
285739
285746
285784
285854
285856
285864
285875
285916
286261
286263
286264
286273
286279
286346
286361
286393
286404
286510
286522
286582
286626
286649
286651
286682
286702
286706
286712
286713
286747
286748
286782
286783
286804
286815
286817
286818
286819
286825
286826
286827
286836
286840
286844
286873
286875
286881
286884
286898
286903
286904
286906
286913
286941
286951
286956
286965
286966
286979
286981
286983
286984
286997
287000
287013
287023
287026
287037
287077
287078
287130
287133
287146
287160
287192
287197
287253
287254
287260
287268
287307
287323
287439
287567
287593
287674
287687
287704
287716
287747
287767
287770
287786
287974
288032
288088
288123
288223
288241
288312
288313
288438
288741
288767
288813
289079
289253
289256
289281
289316
289330
289369
289380
289401
289413
289414
289424
289425
289429
289430
289437
289438
289440
289466
289480
289482
289590
289607
289640
289644
289649
289650
289651
289652
289653
289654
289655
289738
290068
290378
290560
290561
290621
290664
290708
290710
290716
290722
290723
290732
290739
290748
290755
290756
290757
290817
290818
291007
291016
291017
291139
291256
291309
291321
291409
291436
291470
291491
291594
291640
291647
291649
291687
291706
291824
291833
291938
292175
292219
292220
292227
292228
292366
292373
292383
292432
292492
292501
292503
292505
292509
292516
292539
292540
292570
292648
292667
292668
292671
292779
292781
292782
292783
292784
292786
292787
292796
292825
292832
292838
292855
292868
292875
293080
293081
293292
293384
293388
293400
293509
293520
293601
293603
293621
293638
293692
293779
293805
293899
293924
293927
293971
293991
293997
294033
294047
294165
294362
294385
294396
294425
294434
294441
294465
294472
294473
294494
294499
294522
294523
294524
294558
294590
294591
294597
294628
294776
294827
294831
294837
294878
294881
295106
295141
295169
295184
295207
295210
295213
295219
295223
295225
295233
295235
295236
295245
295247
295249
295250
295253
295254
295257
295288
295289
295307
295373
295535
295536
295586
295598
295625
295626
295628
295629
295630
295631
295632
295667
295690
295694
295701
295719
295738
295739
295747
295753
295781
296015
296020
296022
296061
296062
296064
296083
296114
296213
296223
296228
296230
296231
296233
296234
296235
296236
296237
296289
296303
296508
296794
297093
297196
297249
297250
297260
297262
297271
297272
297313
297338
297339
297381
297434
297612
297646
297648
297685
297687
297688
297712
297719
297720
297771
297772
297787
297796
297797
297835
297836
297894
297899
297983
298000
298001
298002
298005
298028
298086
298116
298149
298229
298289
298319
298399
298430
298437
298537
298547
298566
298659
298662
298678
298687
298690
298711
298714
298715
298720
298743
298752
298770
298813
298817
298845
298855
298856
298871
298973
299195
299208
299209
299210
299320
299652
299657
299833
299834
299884
299895
299935
299936
299954
300039
300043
300146
300147
300203
300407
300408
300410
300414
300422
300425
300426
300448
300452
300453
300474
300476
300479
300499
300507
300509
300520
300530
300543
300608
300609
300636
300638
300639
300641
300663
300688
300689
300690
300706
300707
300718
300734
300786
300819
300870
300961
300977
301021
301041
301063
301117
301183
301265
301324
301351
301390
301410
301539
301564
301566
301587
301589
301598
301649
301650
301655
301657
301666
301667
301674
301700
301755
301757
301760
301778
301788
301793
301794
301795
301852
301856
301907
301908
301927
301929
301941
301962
301966
301977
301991
301993
302072
302079
302110
302151
302172
302177
302235
302236
302356
302420
302425
302464
239546
241029
241030
241032
241033
243094
250255
255874
277854
277855
279631
289086
295212
295507
295508
