9
60
173
197
255
270
280
293
363
421
473
539
605
606
607
610
612
614
616
617
620
621
625
626
628
631
632
633
634
638
640
673
718
719
726
743
753
755
757
761
772
776
780
785
798
808
811
814
825
826
827
828
831
832
834
848
852
853
861
867
872
873
874
879
904
905
919
931
933
953
958
961
963
965
974
996
1008
1019
1056
1057
1059
1063
1075
1078
1079
1080
1084
1085
1090
1128
1131
1133
1134
1148
1150
1195
1219
1229
1230
1296
1348
1654
1751
1946
2033
2047
2383
2389
2627
2642
2644
2660
2670
2676
2704
2710
2783
3194
3287
3289
3494
3561
3567
3568
3569
3580
3588
3589
3593
3608
3610
3622
3623
3634
3657
3658
3659
3668
3669
3670
3692
3728
3743
3771
3774
3775
3778
3784
3794
3797
3798
3803
3804
3806
3815
3830
3836
3844
3845
3849
3851
3855
3878
3879
3880
3886
3889
3890
3962
3969
3970
3990
3996
3997
3998
4019
4024
4069
4095
4113
4116
4126
4192
4200
4227
4243
4421
4453
4591
4727
4769
4804
4813
4834
4916
4974
4999
5012
5026
5100
5134
5257
5262
5299
5461
5465
5467
5468
5470
5493
5565
5573
5584
5605
5615
5618
5632
5633
5647
5649
5661
5663
5666
5668
5682
5696
5809
5817
5911
5912
5922
5923
5926
6106
6144
6321
6337
6441
6453
6483
6484
6487
6491
6502
6556
6613
6615
6617
6638
6656
6692
6697
6700
6712
6879
6894
6919
6990
6997
7286
7368
7565
7600
7647
7673
7674
7870
7874
7875
7876
7877
7878
7879
7880
7882
7883
7884
7885
7886
7887
7888
7889
7890
7891
7892
7893
7894
7895
7896
7897
7898
7899
7900
7901
7902
7903
7904
7905
7906
7907
7908
7909
7910
7911
7912
7913
7914
7915
7916
7917
7918
7919
7920
7921
7922
7923
7924
7925
7926
7927
7928
7930
7931
7932
7933
7934
7935
7936
7937
7938
7939
7940
7941
7942
7943
7944
7945
7946
7947
7948
7949
7950
7951
8132
8151
8180
8209
8218
8227
8232
8235
8238
8241
8242
8243
8259
8273
8289
8292
8298
8306
8347
8354
8355
8356
8369
8370
8371
8372
8373
8379
8380
8381
8382
8383
8426
8474
8544
8549
8559
8576
8583
8589
8597
8626
8632
8633
8641
8676
8764
8766
8781
8790
8802
8840
8891
8999
9002
9007
9235
9236
9238
9240
9247
9441
9442
9613
9628
9643
9650
9661
9666
9713
9990
10058
10087
10104
10122
10194
10196
10211
10231
10234
10287
10300
10365
10583
10598
10615
10905
10907
10910
10911
11068
11100
11113
11126
11139
11161
11168
11169
11171
11190
11369
11471
11472
11495
11618
11639
11742
11817
11847
11986
12003
12021
12062
12188
12328
12398
12415
12416
12428
12429
12430
12439
12461
12463
12464
12468
12476
12478
12490
12497
12502
12504
12519
12522
12527
12528
12529
12530
12531
12532
12533
12534
12535
12536
12537
12538
12539
12540
12541
12542
12552
12555
12588
12594
12595
12628
12655
12803
12888
12908
12911
13014
13077
13078
13079
13080
13096
13127
13128
13139
13160
13173
13183
13209
13260
13312
13342
13358
13362
13365
13366
13401
13444
13487
13509
13517
13533
13541
13566
13567
13642
13680
13688
13772
13773
13787
13793
13801
13830
13833
13834
13836
13905
13913
13920
13955
13956
13973
13975
13992
14002
14013
14018
14051
14052
14053
14056
14061
14073
14082
14083
14086
14087
14093
14094
14096
14099
14100
14116
14207
14209
14210
14223
14250
14340
14345
14384
14386
14401
14404
14406
14426
14427
14445
14447
14449
14453
14454
14459
14460
14462
14474
14490
14492
14493
14626
14633
14666
14668
14669
14670
14738
14794
14840
14858
14867
14939
15190
15315
15340
15472
15576
15887
15888
15915
15916
15920
15938
15940
15951
15958
15991
16003
16004
16096
16112
16127
16132
16185
16236
16241
16247
16275
16276
16279
16327
16330
16346
16369
16388
16432
16442
16463
16470
16474
16475
16477
16498
16499
16512
16554
16555
16565
16578
16590
16592
16614
16636
16642
16643
16645
16651
16725
16732
16733
16739
16748
16842
16853
16857
16864
16865
16867
16887
16890
16892
16898
16899
16917
16934
16961
16990
16998
17076
17088
17111
17168
17188
17216
17219
17284
17301
17326
17327
17354
17406
17475
17568
17588
17654
17684
17709
17718
17719
17720
17721
17753
17799
17828
17829
17874
18160
18237
18238
18257
18264
18265
18302
18304
18307
18328
18347
18358
18378
18425
18435
18450
18472
18473
18475
18476
18484
18488
18499
18659
18699
18734
18782
18963
18978
18979
19230
19231
19236
19237
19248
19632
19660
19713
19933
19934
19937
19944
19968
19969
19970
19976
20000
20005
20023
20024
20032
20169
20175
20178
20230
20345
20351
20354
20406
20521
20527
20530
20582
20685
20687
20740
20941
21321
21342
21580
21776
21777
21828
21829
21834
21902
21903
22027
22603
22632
22701
22710
22717
22723
22730
22731
22744
22752
22753
22770
22781
22799
22812
22832
22900
22994
22995
23101
23104
23118
23141
23289
23335
23337
23338
23342
23370
23377
23378
23380
23381
23385
23399
23400
23404
23410
23450
23456
23469
23473
23474
23476
23477
23498
23506
23509
23520
23564
23574
23616
23643
23675
23688
23906
23920
23921
23938
23939
23945
23984
23989
24029
24075
24119
24126
24142
24155
24452
24453
24520
24521
24582
24583
24584
24591
24685
24861
24921
24922
24958
24970
24972
24973
24977
25000
25001
25002
25005
25006
25007
25008
25009
25010
25011
25012
25013
25014
25015
25016
25017
25018
25019
25020
25021
25022
25028
25033
25034
25061
25077
25079
25088
25102
25137
25151
25152
25153
25154
25155
25156
25157
25158
25159
25160
25161
25162
25163
25164
25165
25166
25167
25168
25169
25170
25171
25172
25173
25174
25175
25176
25177
25178
25179
25180
25220
25255
25312
25317
25339
25340
25348
25353
25358
25363
25369
25375
25388
25391
25415
25441
25448
25451
25463
25466
25467
25470
25475
25476
25479
25480
25493
25494
25496
25504
25507
25509
25520
25522
25526
25527
25528
25529
25536
25544
25555
25558
25564
25565
25566
25567
25570
25571
25572
25573
25578
25589
25599
25927
25928
26127
26128
26160
26161
26162
26163
26181
26223
26244
26245
26264
26283
26284
26308
26319
26394
26524
26525
26526
26558
26593
26598
26608
26699
26700
26718
26754
26755
26762
26939
26949
27008
27017
27018
27021
27027
27030
27031
27034
27036
27037
27038
27042
27043
27048
27052
27060
27063
27083
27086
27087
27104
27124
27131
27134
27136
27137
27138
27148
27163
27318
27368
27379
27384
27385
27386
27463
27528
27570
27576
27594
27605
27624
27626
27662
27677
27720
27727
27728
27739
27747
27754
27820
27821
27859
27874
27875
27906
27911
27916
27921
27922
27923
27936
27940
27949
27978
28038
28039
28044
28076
28077
28078
28079
28080
28082
28083
28086
28105
28107
28111
28137
28159
28177
28179
28180
28181
28241
28242
28261
28262
28265
28266
28272
28273
28281
28284
28299
28300
28305
28306
28380
28418
28463
28464
28490
28495
28729
28730
28732
28733
28758
28764
28774
28808
28848
28849
28850
28855
28856
28857
28861
28862
28875
28876
28878
28897
28903
28904
28932
28933
28934
29010
29015
29018
29019
29020
29025
29026
29027
29031
29032
29045
29046
29048
29067
29073
29074
29102
29103
29104
29180
29185
29211
29282
29360
29443
29511
29573
29718
29728
29729
29730
29731
29732
29743
29745
29764
29765
29821
29867
29874
29898
29913
30044
30082
30280
30281
30490
30524
30535
30536
30537
30556
30557
30558
30616
30618
30619
30656
30673
30713
30714
30715
30737
30741
30760
30803
30836
30837
30845
30860
30861
30902
30906
30912
30930
30936
31054
31055
31056
31064
31116
31165
31173
31175
31177
31178
31201
31207
31214
31239
31853
31854
31855
31856
31863
31946
32039
32266
32279
32288
32306
32313
32351
32355
32357
32384
32418
32432
32433
32451
32600
32601
32614
32633
32634
32635
32652
32675
32676
32737
32747
32758
32765
32766
32927
33006
33086
33097
33114
33218
33355
33403
33717
33777
33838
33839
33947
33953
33981
33985
33986
33994
33997
34009
34017
34022
34034
34068
34071
34082
34113
34114
34115
34116
34117
34182
34183
34275
34276
34432
34648
34693
34718
34720
34770
34789
34809
34822
34827
34841
34848
34859
34862
34866
34872
34888
34944
34991
35006
35022
35028
35043
35053
35054
35062
35077
35098
35124
35160
35190
35197
35208
35228
35231
35238
35243
35254
35278
35286
35303
35452
35478
35505
35521
35531
35532
35533
35551
35555
35556
35574
35672
35769
35770
35778
35858
36060
36190
36233
36247
36285
36288
36369
36583
36584
36700
36884
36965
37012
37013
37020
37023
37025
37034
37042
37046
37047
37051
37053
37063
37076
37081
37107
37111
37122
37214
37281
37299
37341
37343
37395
37485
37490
37503
37607
37620
37622
37744
37865
37908
37922
38060
38061
38063
38064
38065
38289
38531
38679
38748
38764
38767
38820
38830
38880
38923
39189
39201
39206
39208
39209
39377
39407
39420
39438
39459
39481
39488
39521
39522
39523
39526
39544
39545
39546
39554
39565
39581
39590
39605
39615
39616
39778
39801
39840
39855
40051
40059
40130
40296
40346
40356
40357
40361
40369
40371
40372
40396
40407
40416
40490
40624
40669
40670
40671
40690
40718
40719
40738
40774
40803
40829
40910
40965
40987
41033
41045
41139
41170
41528
41530
41536
41554
41573
41640
41642
41694
41799
41839
41885
41887
41902
41944
41957
41988
41991
42023
42042
42125
42128
42144
42212
42216
42217
42280
42281
42364
42365
42464
42514
42618
42741
42744
42757
42855
42856
42857
42915
42922
42923
42979
42991
43037
43228
43229
43306
43315
43316
43323
43324
43325
43326
43327
43328
43329
43330
43331
43332
43333
43334
43335
43336
43337
43338
43340
43341
43342
43343
43344
43345
43346
43347
43348
43349
43350
43351
43352
43353
43356
43358
43359
43362
43364
43365
43366
43369
43370
43371
43372
43373
43374
43380
43381
43382
43384
43385
43386
43387
43388
43389
43390
43391
43392
43393
43394
43395
43396
43397
43398
43406
43412
43427
43429
43434
43438
43510
43528
43553
43585
43672
43792
43798
43804
43946
43947
43953
43977
44388
44393
44495
44520
44525
44526
44561
44569
44570
44598
44624
44625
44626
44630
44641
44652
44670
44671
44673
44711
44713
44717
44718
44721
44722
44728
44737
44745
44746
44747
44748
44751
44753
44756
44766
44767
44769
44771
44778
44780
44797
44799
44803
44807
44843
44850
44851
44858
44870
44874
44878
44879
44881
44882
44883
44884
44890
44901
44903
44912
44915
44920
44932
44933
44934
44937
44939
44956
44959
44965
44973
44997
45011
45019
45024
45025
45035
45036
45059
45060
45062
45072
45073
45080
45084
45109
45117
45127
45135
45182
45187
45194
45195
45226
45228
45266
45432
45527
45550
45553
45554
45556
45562
45564
45568
45573
45574
45578
45579
45580
45581
45591
45592
45594
45595
45596
45777
45778
45784
45790
45880
45881
45902
45932
45933
45934
46327
46352
46410
46500
46513
46514
46529
46761
46771
46876
46877
46967
47045
47170
47293
47323
47348
47415
47422
47433
47522
47589
47614
47664
47676
47729
47730
47828
47829
47830
47831
47832
47833
47834
47835
47836
47837
47838
47871
47883
47884
47890
47956
48066
48071
48114
48181
48188
48200
48201
48208
48231
48239
48244
48269
48271
48274
48786
48797
48799
48800
48838
48902
48918
48921
48922
48958
49027
49030
49031
49162
49167
49175
49176
49177
49239
49266
49268
49296
49308
49316
49317
49361
49370
49371
49380
49459
49507
49508
49509
49527
49528
49734
49751
49752
49753
49754
49757
49758
49759
49760
49761
49762
49763
49764
49787
49802
49811
49879
50078
50079
50281
50512
50529
50656
50671
50785
50795
50859
50860
50887
50909
50914
50915
50921
50925
51012
51017
51018
51043
51054
51055
51056
51060
51062
51069
51148
51226
51308
51373
51397
51442
51455
51484
51495
51500
51517
51572
51647
51701
51739
51752
51760
51763
51772
51781
51789
51793
51839
51842
51851
51852
51853
51861
51866
51880
51888
51893
51900
51904
51907
51908
51910
51954
51955
51960
51976
51993
52034
52037
52039
52046
52047
52051
52056
52101
52121
52135
52164
52284
52288
52332
52336
52409
52447
52460
52468
52471
52480
52489
52497
52501
52547
52550
52559
52560
52561
52569
52574
52588
52596
52601
52608
52612
52615
52616
52618
52662
52663
52668
52684
52701
52742
52745
52747
52754
52755
52759
52764
52809
52829
52843
52872
52992
52996
53040
53044
53099
53193
53194
53268
53379
53380
53381
53411
53430
53434
53435
53499
53502
53517
53524
53525
53597
53598
53599
53613
53615
53627
53628
53656
53658
53680
53698
53716
53784
53903
53915
53999
54031
54067
54073
54084
54088
54294
54297
54313
54525
54602
54606
55406
55583
55751
55788
55823
55825
55826
55913
55914
56038
56049
56068
56069
56071
56074
56155
56207
56225
56227
56228
56292
56303
56328
56329
56345
56396
56436
56439
56441
56446
56448
56452
56458
56459
56460
56466
56475
56476
56493
56503
56505
56516
56523
56524
56526
56528
56530
56532
56533
56542
56545
56546
56547
56549
56551
56552
56553
56554
56565
56566
56568
56569
56575
56577
56584
56592
56595
56604
56607
56609
56626
56627
56676
56783
56823
56939
56943
56944
56945
56951
57090
57148
57150
57164
57165
57188
57197
57227
57233
57241
57260
57299
57555
57567
57624
57627
57660
57661
57705
57709
57713
57724
57782
58006
58045
58064
58122
58199
58235
58307
58369
58382
58401
58498
58578
58587
58591
58616
58618
58755
59083
59105
59106
59189
59395
59506
59527
59586
59593
59594
59595
59596
59618
59619
59620
59622
59632
59999
60210
60230
60251
60253
60295
60302
60337
60347
60369
60374
60579
60600
60602
60645
60652
60687
60697
60719
60724
60963
60994
61040
61070
61096
61183
61251
61252
61983
62124
62128
62307
62318
62333
62351
62353
62386
62405
62421
62425
62437
62438
62439
62440
62446
62447
62448
62449
62450
62451
62452
62453
62454
62471
62472
62482
62484
62485
62486
62490
62491
62589
62600
62601
62610
62701
62773
62802
62823
62830
62858
62859
62952
62954
63181
63185
63197
63198
63201
63219
63223
63247
63248
63249
63255
63267
63349
63350
63364
63413
63417
63420
63444
63540
63546
63596
63609
63720
63724
63778
63913
64040
64047
64048
64143
64168
64169
64188
64206
64249
64279
64334
64424
64425
64526
64554
64555
64557
64644
64655
64656
64657
64666
64667
64670
64674
64685
64686
64688
64690
64691
64692
64704
64705
64709
64710
64734
64751
64796
64836
64854
64879
64889
64904
64916
64927
64982
65003
65517
65610
65611
65632
65645
65646
65708
65710
65711
65712
65720
65721
65733
65766
65767
65792
65800
65804
65841
65842
65853
65854
65882
65885
65910
65929
65941
65942
65943
65944
66002
66072
66230
66234
66263
66295
66309
66438
66679
66680
66743
66796
66834
66851
66885
66886
66936
66943
66948
66974
66975
66984
66995
66996
67057
67072
67076
67116
67131
67133
67141
67148
67163
67174
67175
67182
67183
67185
67243
67245
67247
67248
67257
67270
67279
67280
67283
67284
67298
67310
67311
67315
67319
67325
67329
67339
67348
67354
67359
67361
67374
67388
67389
67398
67408
67412
67416
67417
67419
67420
67444
67447
67475
67476
67502
67518
67526
67528
67529
67531
67558
67559
67563
67567
67581
67583
67608
67609
67624
67668
67684
67688
67731
67750
67773
67774
67775
67776
67923
68034
68343
68531
68548
68549
68566
68568
68594
68602
68615
68628
68632
68677
68694
68696
68697
68698
68722
68735
68738
68740
68745
68757
68761
68762
68763
68764
68771
68773
68803
68808
68813
68817
68841
68847
68917
68946
68956
68998
69024
69160
69222
69272
69381
69397
69452
69454
69719
69720
69731
69920
69934
70003
70005
70024
70025
70060
70158
70251
70252
70254
70280
70332
70530
70534
70553
70741
71030
71033
71037
71039
71243
71244
71426
71428
71448
71533
71540
71621
71689
71786
71797
71854
72021
72041
72103
72107
72281
72282
72283
72344
72345
72352
72408
72409
72414
72415
72429
72430
72532
72545
72558
72560
72653
72662
72663
72677
72678
72679
72680
72681
72682
72698
72720
72726
72741
72790
72807
72837
72981
73042
73179
73215
73374
73381
73429
73432
73445
73446
73450
73457
73464
73486
73487
73518
73543
73550
73556
73589
73590
73591
73607
73611
73619
73621
73649
73654
73655
73662
73663
73666
73670
73671
73677
73678
73680
73681
73682
73815
73840
73852
73861
73864
73875
73888
73894
73902
73915
73944
73947
73953
73955
73958
73970
73993
74010
74048
74050
74051
74052
74054
74056
74057
74060
74078
74106
74240
74241
74244
74253
74359
74452
74486
74531
74545
74578
74640
74812
74824
74850
74971
75262
75302
75303
75310
75395
75412
75418
75449
75476
75477
75496
75522
75558
75598
75628
75635
75638
75639
75641
75647
75658
75777
75779
75800
75801
75822
75838
75839
76006
76009
76025
76041
76111
76193
76194
76195
76197
76198
76207
76208
76214
76215
76216
76219
76220
76224
76225
76243
76251
76284
76352
76370
76379
76500
76514
76777
76834
76857
76859
76943
76946
76947
76948
76949
76951
76952
76993
77119
77124
77125
77298
77312
77341
77351
77352
77353
77397
77446
77512
77513
77514
77536
77539
77540
77568
77569
77583
77601
77602
77603
77643
77646
77656
77731
78053
78414
78421
78428
78433
78434
78510
78553
78746
78908
78937
78938
78953
79004
79146
79478
79603
79623
79763
79810
79990
80126
80150
80289
80291
80292
80301
80312
80315
80331
80332
80334
80337
80349
80368
80374
80384
80410
80411
80413
80414
80433
80440
80570
80589
80590
80649
80661
80694
80718
80757
80758
80794
80813
80814
80819
80824
80836
80858
80867
80868
80869
80870
80879
80901
80912
80934
80935
80956
80959
80962
80983
80984
80988
80990
81008
81010
81022
81039
81072
81083
81087
81180
81198
81302
81319
81653
81654
81655
81820
81821
81822
81831
81840
81948
81949
82019
82020
82046
82053
82071
82078
82086
82126
82127
82128
82147
82199
82235
82296
82297
82396
82430
82460
82479
82483
82587
82652
82759
82776
82847
82908
83016
83064
83118
83125
83126
83146
83152
83154
83176
83178
83448
83455
83520
83628
83685
83686
83687
83720
83721
83724
83756
83768
83799
83852
83890
83968
83986
83987
84002
84003
84015
84016
84017
84018
84019
84020
84022
84023
84025
84026
84027
84028
84029
84030
84031
84032
84033
84034
84035
84036
84037
84038
84039
84041
84042
84043
84044
84045
84046
84062
84087
84143
84255
84274
84292
84297
84298
84299
84300
84319
84358
84452
84454
84511
84539
84543
84592
84593
84594
84595
84596
84597
84598
84599
84600
84601
84638
84639
84642
84674
84682
84688
84702
84711
84778
84829
85001
85012
85170
85195
85202
85233
85247
85267
85336
85362
85377
85401
85520
85536
85559
85600
85718
85722
85746
85752
85754
85755
85773
85816
85880
85881
85892
86156
86164
86190
86199
86211
86215
86234
86270
86275
86321
86322
86324
86325
86329
86333
86386
86442
86451
86454
86482
86498
86500
86551
86612
86613
86676
86796
86907
86930
87036
87037
87039
87044
87053
87055
87056
87061
87076
87089
87103
87104
87105
87109
87110
87134
87158
87173
87179
87180
87183
87184
87193
87195
87218
87220
87224
87270
87276
87288
87300
87304
87315
87323
87333
87349
87354
87355
87447
87505
87539
87563
87613
87624
87708
87785
87786
87802
87870
87893
87895
87964
88016
88210
88549
88895
89135
89202
89223
89230
89240
89249
89290
89314
89387
89420
89422
89433
89455
89465
89483
89484
89486
89532
89535
89576
89601
89620
89621
89638
89656
89666
89671
89694
89695
89745
89758
89799
89800
89805
89811
89820
89825
89828
89837
89840
89864
89936
89937
89939
89940
90061
90062
90064
90119
90122
90124
90125
90137
90145
90198
90264
90265
90267
90268
90269
90270
90271
90272
90273
90274
90275
90276
90277
90278
90401
90402
90403
90438
90443
90596
90609
90610
90629
90630
90648
90649
90653
90655
90657
90660
90666
90667
90668
90673
90674
90675
90677
90678
90679
90687
90691
90703
90704
90705
90718
90722
90737
90738
90757
90758
90806
91006
91391
91414
91593
91762
91842
91869
91943
91967
91986
92025
92028
92036
92140
92172
92192
92276
92436
92475
92741
92748
92815
92818
92834
92838
92842
92900
92901
92975
93143
93239
93242
93243
93257
94455
94530
94573
94637
94638
94673
94680
94682
94683
94684
94688
94695
94696
94698
94712
94717
94718
94719
94720
94727
94730
94754
94764
94815
95123
95139
95142
95158
95159
95189
95211
95215
95218
95239
95240
95244
95253
95255
96047
96082
96113
96118
96162
96212
96286
96585
96586
96591
96615
96635
96675
96815
97195
97289
97656
97680
97779
97787
97826
97875
97876
97877
97899
97936
98520
98618
98726
98751
98833
98834
98860
98865
98876
98895
98950
99368
99383
99400
99409
99443
99450
99454
99622
99674
99675
99717
99718
99883
99946
100083
100152
100218
100219
100235
100276
100283
100296
100315
100322
100336
100372
100400
100402
100455
100459
100512
100536
100566
100567
100568
100569
100583
100585
100602
100647
100648
100664
100679
100705
100734
100743
100745
100746
100750
100752
100765
100772
100773
100776
100815
100816
100817
100818
100863
100915
101038
101046
101060
101065
101068
101107
101141
101205
101259
101288
101301
101308
101333
101338
101340
101342
101362
101378
101379
101387
101389
101560
101561
101562
101638
101639
101658
101659
101660
101664
101665
101666
101667
101668
101695
101702
101741
101742
101778
101846
101847
101981
102002
102008
102009
102053
102057
102132
102137
102202
102408
102411
102413
102417
102419
102442
102533
102545
102546
102547
102548
102564
102567
102597
102610
102646
102647
102655
102669
102673
102674
102676
102678
102679
102680
102681
102929
102943
102946
102947
102951
102959
102960
102962
102963
102968
103110
103208
103302
103308
103360
103373
103400
103476
103507
103508
103509
103526
103549
103551
103558
103570
103582
103608
103976
103977
103978
104187
104202
104209
104237
104245
104299
104304
104326
104331
104361
104711
104724
104736
104737
104742
104744
104745
104746
104747
104748
104749
104751
104757
104771
104774
104795
104824
104924
105011
105104
105108
105159
105344
105352
105353
105355
105379
105381
105382
105383
105384
105430
105435
105437
105438
105442
105449
105450
105454
105455
105456
105457
105458
105459
105460
105461
105462
105463
105464
105466
105467
105481
105482
105496
105498
105512
105515
105516
105517
105520
105593
105594
105595
105598
105613
105644
105653
105655
105656
105670
105671
105672
105726
105755
105757
105770
105780
105787
105788
105789
105790
105801
105819
105878
105901
105902
105903
105904
105910
105913
105914
105953
105964
105971
105973
105977
105978
105986
105991
105997
106008
106017
106023
106031
106034
106074
106075
106090
106114
106123
106132
106151
106156
106168
106193
106194
106195
106196
106197
106198
106205
106207
106216
106218
106219
106220
106237
106238
106239
106240
106272
106280
106284
106289
106313
106314
106316
106336
106357
106370
106371
106372
106376
106390
106391
106392
106394
106397
106439
106446
106450
106453
106454
106470
106471
106472
106495
106499
106505
106506
106508
106509
106548
106553
106585
106612
106666
106671
106673
106674
106678
106685
106686
106690
106691
106692
106693
106694
106695
106696
106697
106698
106699
106700
106702
106703
106717
106718
106732
106734
106748
106751
106752
106753
106756
106829
106830
106831
106834
106849
106880
106889
106891
106892
106906
106907
106908
106962
106991
106993
107006
107016
107023
107024
107025
107026
107037
107055
107114
107137
107138
107139
107140
107146
107149
107150
107189
107200
107207
107209
107213
107214
107222
107227
107233
107244
107253
107259
107267
107270
107310
107311
107326
107350
107359
107368
107387
107392
107404
107429
107430
107431
107432
107433
107434
107441
107443
107452
107454
107455
107456
107473
107474
107475
107476
107508
107516
107520
107525
107549
107550
107552
107572
107593
107606
107607
107608
107612
107626
107627
107628
107630
107633
107675
107682
107686
107689
107690
107706
107707
107708
107731
107735
107741
107742
107744
107745
107784
107789
107821
107848
107943
107946
107948
107954
107961
108049
108050
108051
108054
108055
108056
108057
108058
108059
108060
108061
108183
108211
108447
108508
108517
108536
108537
108569
108575
108588
108590
108594
108604
108610
108617
108642
108643
108644
108645
108650
108662
108667
108671
108680
108684
108686
108688
108699
108702
108703
108704
108705
108706
108708
108710
108726
108742
108743
108745
108747
108790
108791
108802
108806
108865
108871
108895
108927
108936
109044
109070
109134
109287
109350
109351
109353
109354
109453
109454
109470
109475
109511
109583
109584
109587
109588
109597
109602
109668
109675
109679
109860
110155
110323
110468
110482
110509
110555
110562
110604
110615
110617
110623
110650
110655
110666
110694
110715
110728
110733
110736
110737
110741
110751
110752
110778
110782
110783
110784
110789
110799
110804
110809
110810
110817
110825
110838
110846
110851
110852
110854
110872
110873
110875
110887
110889
110899
110937
110975
110999
111009
111010
111011
111012
111051
111062
111100
111110
111111
111130
111187
111188
111197
111200
111287
111319
111346
111360
111400
111404
111465
111485
111520
111523
111556
111561
111585
111619
111629
111668
111671
111697
111735
111736
111745
111764
111810
111860
111861
111885
111979
112066
112131
112159
112215
112236
112239
112245
112247
112249
112266
112286
112288
112290
112313
112568
112632
112660
112670
112672
112682
112690
112691
112692
112694
112704
112705
112706
112710
112716
112717
112839
113000
113032
113033
113064
113065
113150
113172
113182
113232
113244
113255
113260
113261
113294
113309
113322
113333
113337
113340
113415
113444
113461
113463
113464
113475
113480
113493
113496
113499
113503
113548
113560
113577
113578
113600
113633
113699
113705
113755
113782
113921
114061
114122
114125
114221
114236
114271
114329
114516
114659
114723
114734
114782
114783
114960
115028
115038
115042
115050
115054
115069
115190
115273
115282
115296
115318
115332
115491
115519
115616
115617
115620
115708
115728
115800
115829
115830
115837
115849
115854
115857
115863
115900
115922
115923
115945
116047
116088
116142
116209
116278
116311
116381
116914
117304
117868
118258
118822
119212
119324
119330
119332
119338
119376
119381
119386
119395
119406
119443
119444
119456
119538
119603
119605
119628
119754
119945
119969
120209
120210
120214
120215
120216
120228
120232
120234
120253
120262
120309
120336
120337
120366
120415
120454
120455
120459
120461
120471
120534
120535
120537
120545
120547
120548
120549
120591
120600
120605
120611
120624
120625
120626
120627
120652
120653
120658
120664
120665
120693
120694
120700
120702
120708
120723
120726
120801
120821
120854
120860
120861
120864
120877
120905
120931
120979
121023
121024
121126
121254
121296
121676
121691
121752
121815
121817
121849
121850
121886
121909
121915
121918
121923
121929
121930
121931
121932
121933
121934
121935
121936
121956
121957
121960
121972
121973
121978
121982
121984
121988
121991
121994
121996
121998
122000
122001
122006
122008
122009
122010
122013
122015
122018
122019
122020
122052
122066
122074
122084
122096
122099
122126
122146
122183
122216
122218
122219
122226
122241
122300
122387
122389
122396
122400
122405
122407
122416
122426
122468
122479
122500
122508
122511
122513
122520
122521
122522
122524
122533
122541
122545
122577
122579
122581
122646
122648
122653
122667
122679
122680
122696
122717
122718
122719
122720
122722
122769
122922
122958
123020
123039
123041
123045
123070
123086
123090
123092
123093
123117
123197
123231
123233
123235
123242
123264
123265
123288
123323
123357
123503
123508
123510
123511
123591
123592
123594
123617
123701
123703
123704
123705
123706
123707
123708
123709
123710
123711
123712
123713
123714
123764
123777
123806
123808
123871
123922
123933
123971
123976
124006
124015
124018
124063
124121
124122
124176
124256
124304
124322
124341
124355
124358
124359
124361
124374
124405
124522
124562
124637
124661
124662
124700
124701
124710
124721
124818
124822
124826
124831
125031
125039
125060
125094
125112
125115
125172
125173
125616
126011
126016
126018
126020
126085
126097
126099
126330
126683
126691
126694
126709
127251
127252
127414
127531
127539
127662
127688
127689
127690
127691
127692
127693
127694
127695
127696
127697
127698
127699
127700
127701
127702
127704
127705
127706
127811
127815
127816
127847
127849
127850
127854
127856
127858
127860
127861
127862
127887
127900
127904
127920
127929
127946
127947
127980
127981
128028
128038
128050
128059
128060
128061
128083
128144
128193
128194
128281
128283
128288
128305
128318
128320
128393
128496
128497
128498
128501
128506
128509
128519
128521
128557
128559
128567
128621
128690
128791
128801
128807
128834
128840
128852
128863
128871
128873
128875
128884
128885
128886
128893
128896
128913
129042
129114
129128
129129
129155
129252
129288
129326
129329
129365
129377
129394
129395
129476
129522
129553
129563
129569
129614
129677
129678
129723
129819
129953
129967
130049
130262
130307
130460
130683
130945
131006
131029
131030
131099
131387
131641
131643
131652
131726
131727
131729
131763
131766
131771
131774
131792
131819
131874
131896
131906
131966
132396
132606
132629
132657
132665
132846
132888
132920
132944
133405
133659
133660
133703
133704
133708
133749
133751
133752
133762
133794
133796
133809
133810
133811
133896
133897
133951
134091
134141
134456
134478
134520
134551
134573
134645
134649
134658
134663
134795
134796
134797
134798
134854
135016
135017
135032
135160
135170
135183
135189
135198
135461
135463
135469
135487
135489
135490
135493
135499
135500
135501
135503
135504
135505
135507
135511
135512
135513
135514
135530
135531
135533
135534
135535
135536
135537
135538
135540
135541
135542
135571
135572
135573
135577
135584
135586
135592
135607
135617
135626
135627
135628
135632
135641
135658
135660
135664
135666
135680
135682
135684
135690
135693
135713
135718
135725
135726
135727
135728
135732
135749
135759
135761
135763
135771
135772
135789
135791
135792
135797
135798
135799
135800
135801
135817
135828
135838
135839
135840
135841
135855
135867
135868
135870
135871
135884
135906
135923
136468
136474
136478
136584
136648
136667
136668
136671
136679
136680
136681
136698
136707
136716
136717
136718
136719
136720
136721
136724
136725
136726
136730
136745
136763
136765
136768
136774
136775
136828
136829
136830
136832
136833
136834
136837
136838
136844
136870
136871
136882
136902
136929
136941
136943
136978
136979
137034
137040
137069
137148
137161
137183
137450
137489
137497
137498
137513
137515
137534
137547
137548
137725
137759
137772
137828
137857
137902
137903
137926
137928
137991
137992
138002
138003
138099
138159
138167
138174
138181
138182
138183
138184
138188
138196
138200
138202
138203
138204
138206
138207
138208
138209
138210
138214
138215
138216
138217
138218
138219
138222
138248
138267
138272
138273
138274
138286
138295
138310
138346
138361
138368
138393
138394
138397
138559
138561
138562
138566
138586
138597
138598
138617
138622
138670
138754
138776
138788
138827
138864
138868
138895
138951
138952
138971
138975
138979
138984
138985
138986
138987
138994
139008
139011
139015
139016
139094
139110
139111
139131
139158
139286
139380
139400
139408
139417
139443
139477
139484
139500
139543
139550
139629
139638
139650
139666
139671
139701
139707
139708
139967
139968
140048
140053
140110
140112
140114
140115
140116
140126
140131
140135
140138
140143
140169
140175
140177
140178
140184
140189
140208
140209
140210
140225
140226
140227
140242
140243
140244
140245
140279
140317
140330
140335
140337
140339
140345
140349
140357
140368
140369
140371
140387
140388
140392
140393
140394
140395
140396
140397
140406
140412
140413
140415
140416
140417
140418
140419
140420
140421
140422
140423
140424
140425
140429
140430
140452
140453
140468
140470
140471
140472
140478
140479
140494
140500
140502
140505
140510
140512
140522
140533
140538
140540
140543
140552
140555
140561
140563
140569
140570
140571
140572
140573
140574
140575
140584
140586
140587
140590
140600
140601
140602
140606
140629
140668
140677
140678
140680
140681
140682
140694
140697
140698
140699
140700
140701
140702
140703
140707
140715
140716
140726
140730
140737
140748
140749
140750
140768
140788
140790
140791
140801
140803
140805
140816
140827
140855
140864
140867
140872
140892
140903
140904
140911
140912
140942
140944
140968
140974
140975
140991
141005
141010
141016
141017
141018
141022
141026
141028
141036
141037
141091
141094
141095
141097
141132
141133
141150
141151
141153
141163
141168
141192
141201
141202
141228
141231
141232
141243
141253
141268
141269
141270
141275
141276
141287
141288
141289
141320
141321
141324
141325
141334
141343
141349
141350
141351
141353
141356
141381
141388
141415
141564
141577
141582
141608
141637
141693
141707
141759
141769
141844
141845
141919
141924
142118
142233
142234
142242
142253
142254
142275
142276
142280
142281
142283
142284
142285
142286
142287
142288
142294
142315
142335
142336
142486
142488
142533
142548
142555
142560
142561
142562
142577
142583
142584
142585
142595
142599
142604
142661
142676
142677
142701
142714
142721
142736
142772
142776
142793
142801
142803
142804
142805
142818
142820
142827
142839
142845
142855
142856
142860
142867
142870
142874
142878
142888
142892
142895
142909
142910
142911
142914
142919
142956
142957
142961
143009
143100
143108
143125
143132
143135
143136
143154
143163
143165
143166
143200
143202
143204
143207
143214
143215
143216
143217
143250
143251
143252
143253
143257
143268
143276
143295
143315
143319
143324
143325
143326
143330
143335
143336
143337
143348
143363
143366
143405
143432
143443
143492
143493
143501
143502
143504
143521
143532
143537
143551
143561
143562
143587
143635
143781
143793
143819
143991
144039
144040
144196
144202
144215
144233
144249
144261
144269
144273
144326
144327
144338
144341
144345
144409
144438
144472
144473
144493
144498
144503
144517
144533
144562
144577
144596
144610
144619
144673
144886
144905
144928
145307
145315
145316
145318
145326
145362
145376
145381
145382
145440
145453
145480
145481
145482
145483
145484
145485
145486
145487
145488
145489
145667
146338
146400
146418
146439
146471
146482
146485
146539
146550
146551
146552
146553
146554
146555
146556
146557
146558
146570
146584
146585
146587
146588
146590
146591
146606
146629
146630
146631
146638
146640
146641
146680
146752
146755
146768
146783
146967
146969
146970
147139
147142
147148
147152
147194
147195
147196
147197
147198
147199
147201
147234
147235
147421
147443
147563
147564
147641
147923
148037
148038
148039
148040
148081
148208
148210
148256
148278
148287
148289
148290
148370
148371
148412
148464
148489
148490
148496
148498
148507
148512
148513
148516
148517
148520
148539
148549
148551
148561
148566
148568
148587
148598
148618
148639
148642
148643
148650
148655
148658
148661
148664
148689
148693
148694
148704
148738
148766
148779
148787
148822
148825
148833
148856
148857
148864
148881
148882
148883
148885
148926
148933
148935
148960
148961
149008
149053
149059
149075
149085
149090
149219
149243
149244
149249
149329
149339
149340
149360
149370
149371
149474
149671
149885
149966
150024
150025
150026
150027
150028
150029
150030
150031
150032
150190
150192
150474
150614
150744
150757
150765
151004
151025
151028
151035
151051
151055
151058
151072
151086
151088
151089
151091
151112
151113
151118
151123
151130
151136
151137
151141
151145
151147
151156
151160
151162
151163
151164
151165
151166
151169
151192
151195
151196
151197
151226
151232
151233
151336
151410
151423
151424
151448
151449
151450
151451
151517
151573
151641
151686
151849
151850
151965
151966
151996
152045
152085
152096
152100
152105
152225
152255
152399
152510
152638
152671
152686
152737
152748
152774
152824
152825
152829
152830
152843
152851
152854
152874
152880
152882
152886
152892
152895
152903
152911
152913
152914
152915
152918
152929
152935
152940
152958
152964
152986
153000
153002
153031
153039
153040
153043
153044
153045
153061
153062
153063
153072
153077
153101
153117
153151
153152
153153
153164
153165
153170
153173
153260
153271
153334
153336
153377
153378
153504
153837
153876
154066
154067
154133
154172
154294
154304
154313
154547
154624
154630
154640
154655
154656
154695
154784
154847
154965
154971
155049
155163
155164
155192
155431
155432
155433
155500
155502
155503
155507
155556
155560
155562
155631
155638
155639
155679
155680
155694
155696
155697
155729
155737
155772
155776
155778
155791
155798
155799
156014
156015
156016
156083
156085
156086
156090
156139
156143
156145
156214
156221
156222
156262
156263
156277
156279
156280
156312
156320
156355
156359
156361
156374
156381
156382
156617
156696
156726
156745
156791
156829
156873
156876
156879
156913
156945
157021
157084
157101
157162
157252
157274
157323
157331
157332
157333
157334
157335
157336
157337
157346
157358
157464
157637
157639
157644
157650
157652
157665
157844
157895
157980
158009
158034
158116
158123
158152
158155
158156
158157
158158
158219
158352
158514
158541
158698
159114
159168
159358
159600
159604
159645
159691
159693
159742
159921
160072
160310
160431
160885
160927
160931
160949
160974
161035
161097
161158
161163
161184
161204
161221
161223
161240
161243
161274
161276
161300
161312
161320
161337
161409
161418
161455
161636
161701
162271
162306
162318
162325
162359
162580
162581
162587
162588
162589
162595
162596
162597
162598
162599
162600
162690
162715
162723
162749
162790
162910
163026
163140
163307
163473
163488
163585
163771
163773
163774
163803
163833
163901
163946
163947
163948
163949
163950
163951
164305
164388
164695
164733
164734
164768
164769
164798
164799
164800
164801
165117
165154
165155
165189
165190
165219
165220
165221
165222
165242
165277
165278
165323
165325
165339
165348
165420
165447
165683
165684
165713
165835
165848
165976
165985
165988
166003
166006
166015
166016
166017
166068
166221
166237
166240
166287
166288
166299
166300
166302
166308
166325
166337
166338
166343
166344
166345
166346
166348
166358
166390
166399
166405
166406
166424
166439
166440
166441
166442
166445
166446
166452
166453
166454
166461
166479
166492
166538
166606
166633
166689
166695
166987
166988
167019
167028
167029
167124
167127
167136
167150
167229
167265
167298
167302
167305
167307
167308
167311
167348
167352
167359
167361
167362
167364
167367
167393
167431
167441
167523
167532
167549
167570
167594
167613
167675
167686
167688
167690
167779
167815
167933
168029
168100
168254
168385
168495
168555
168634
168652
168702
168706
168737
168745
168748
168752
168768
168788
168790
168798
168800
168803
168807
168820
168821
168822
168823
168827
168842
168850
168851
168852
168853
168855
168860
168869
168872
168873
168879
168880
168887
168910
168916
168926
168987
168991
169016
169287
169322
169333
169341
169357
169457
169479
169482
169488
169565
169567
169568
169578
169586
169587
169591
169612
169629
169652
169654
169659
169664
169665
169671
169672
169673
169702
169706
169754
169783
169786
169801
169803
169811
169830
169892
169896
169899
169948
169951
169960
170045
170053
170061
170098
170109
170117
170124
170152
170232
170311
170314
170317
170321
170347
170348
170397
170398
170420
170438
170457
170458
170459
170460
170471
170472
170474
170483
170493
170507
170569
170570
170674
170701
170705
170711
170718
170751
170760
170763
170771
170785
170800
170802
170803
170816
170823
170824
170851
170875
170889
170890
170892
170894
170924
170943
170957
170962
170963
170964
170965
170997
171199
171213
171235
171330
171373
171384
171386
171442
171457
171510
171516
171518
171536
171565
171582
171622
171644
171682
171734
171737
171745
171808
171843
171850
171851
171864
171867
171874
171876
171890
171892
171893
171894
171898
171918
171921
171926
171941
171957
171980
172037
172078
172228
172271
172273
172321
172322
172323
172346
172424
172548
172753
172778
172784
172932
172944
172945
173037
173593
173689
173698
173774
173839
173857
173955
174072
174086
174155
174156
174157
174158
174165
174233
174234
174246
174256
174269
174272
174368
174414
174511
174512
174518
174659
174768
174804
174806
174846
174902
175071
175107
175177
175191
175282
175302
175416
175446
175447
175626
175633
175652
175658
175670
175750
175774
175775
175781
175803
175832
175833
175847
175857
175858
175859
175882
175883
175901
175923
175925
175948
175980
176007
176063
176149
176150
176155
176265
176282
176405
176406
176569
176570
176590
176591
176612
176694
176744
176748
176751
176782
176786
176788
176790
176794
176855
176856
176863
176864
176886
176926
176947
177068
177124
177256
177337
177556
177558
177625
177628
177662
177665
177705
177731
177758
177760
177830
177945
178010
178174
178395
178396
178695
178779
178990
178991
178992
178999
179066
179072
179081
179153
179159
179168
179207
179391
179424
179482
179521
179524
179742
179871
179873
180027
180103
180104
180142
180143
180144
180171
180174
180182
180214
180247
180248
180249
180250
180251
180252
180253
180254
180255
180257
180258
180259
180260
180261
180262
180263
180264
180265
180268
180324
180327
180390
180391
180412
180417
180423
180447
180541
180711
180740
181032
181047
181111
181112
181113
181115
181117
181118
181119
181120
181121
181122
181123
181124
181125
181126
181127
181128
181129
181131
181138
181139
181140
181203
181206
181217
181240
181241
181282
181294
181339
181402
181420
181433
181447
181449
181451
181469
181576
181577
181578
181850
181874
182229
182257
182258
182259
182260
182261
182262
182263
182264
182265
182266
182618
182619
182666
182884
182896
183076
183136
183191
183224
183322
183324
183382
183663
183719
183796
183801
184008
184130
184201
184202
184335
184408
184456
184546
184571
184651
184746
185504
185505
185637
185658
185661
185717
185718
185719
185720
185728
185735
185748
185762
185794
185875
185887
185888
185890
185940
185947
185948
185949
185969
185978
185979
186209
186231
186239
186300
186329
186369
186382
186401
186405
186425
186436
186451
186544
186571
186572
186619
186621
186623
186627
186657
186671
186682
186740
186741
186787
186931
186950
186969
186973
186986
186991
186996
186997
186998
186999
187004
187022
187023
187031
187034
187036
187040
187041
187044
187045
187051
187052
187059
187067
187147
187148
187157
187180
187184
187191
187205
187236
187309
187387
187400
187414
187449
187450
187490
187552
187553
187565
187577
187766
187921
187922
187925
188177
188230
188238
188269
188273
188279
188298
188348
188363
188369
188454
188460
188520
188521
188538
188548
188551
188587
188592
188615
188868
188891
188905
188913
188926
188927
188930
188934
188943
188944
188946
188948
188953
188954
188957
188959
188960
188961
188967
188985
189020
189027
189028
189029
189030
189031
189034
189036
189041
189051
189052
189053
189054
189056
189063
189064
189073
189074
189088
189089
189090
189096
189097
189098
189099
189136
189137
189140
189141
189142
189148
189149
189160
189161
189163
189164
189169
189170
189174
189175
189181
189183
189189
189190
189191
189192
189193
189198
189203
189214
189216
189217
189218
189224
189226
189228
189229
189230
189231
189239
189255
189257
189261
189268
189269
189273
189288
189296
189301
189308
189312
189318
189320
189340
189341
189342
189375
189412
189425
189614
189621
189664
189666
189741
189761
189781
189819
189854
189928
190001
190052
190077
190078
190079
190080
190102
190103
190130
190134
190179
190191
190192
190233
190235
190352
190372
190415
190419
190430
190431
190440
190479
190481
190483
190485
190489
190490
190492
190493
190495
190498
190499
190500
190504
190511
190512
190596
190609
190810
190827
190842
191011
191014
191020
191021
191024
191027
191030
191031
191033
191034
191137
191160
191165
191178
191214
191220
191221
191227
191316
191318
191463
191598
191610
191644
191672
191690
191710
191731
191744
191749
191765
191778
191780
191782
191784
191816
192146
192463
192499
192500
192589
192614
192621
192632
192638
192640
192642
192719
192773
192775
192800
192807
192818
192824
192826
192828
192905
192959
193011
193025
193026
193038
193058
193059
193060
193071
193073
193084
193089
193098
193105
193162
193164
193167
193179
193278
193279
193290
193294
193309
193491
193721
193729
193751
193759
193763
193775
193805
193954
193982
193983
194010
194022
194031
194032
194034
194035
194036
194037
194045
194065
194132
194188
194195
194199
194208
194210
194226
194275
194358
194359
194368
194383
194391
194401
194407
194457
194462
194471
194484
194652
194657
194667
194668
194735
194736
194749
194753
194835
194911
194912
194916
194938
194942
194947
194990
194991
195184
195419
195441
195442
195511
195512
195686
195690
195710
195713
195757
195782
195804
195828
195844
195851
195868
195977
196000
196075
196102
196106
196127
196152
196188
196463
196687
196692
196696
196703
196706
196709
196716
196718
196731
196744
196763
196773
196786
196787
196843
196845
196861
196862
196870
196872
196885
196929
196930
196931
196948
196981
197017
197019
197039
197093
197339
197357
197361
197366
197368
197380
197382
197393
197394
197403
197406
197409
197417
197422
197432
197436
197457
197464
197480
197495
197496
197497
197498
197502
197515
197524
197525
197526
197528
197530
197532
197547
197557
197559
197561
197562
197563
197566
197567
197570
197575
197578
197582
197584
197589
197592
197593
197594
197635
197655
197656
197666
197668
197669
197689
197710
197799
197801
197803
197876
197878
197892
197900
197904
197916
197953
197954
198007
198043
198127
198129
198325
198338
198541
198559
198591
198611
198700
198701
198803
198824
198931
198935
198936
198945
198970
198972
199003
199017
199103
199308
199325
199344
199411
199704
199847
199877
